0.000000000000000000e+00 1.574059060641431884e+01 2.313171066604726434e-01 9.088954957542716429e-01 1.584354355404300196e-01 5.707360189212048462e-01 2.951854924344589071e-01
5.610376218101009727e-03 1.568665757736710020e+01 2.192427070712633375e-01 9.106288756569708154e-01 1.653813419690041420e-01 5.707359122825880204e-01 2.951849406157472933e-01
1.122075243620201945e-02 1.551932298079797867e+01 2.078235914057224576e-01 9.123253357448435352e-01 1.722149133482056838e-01 5.707358056450679840e-01 2.951843888004723193e-01
1.683112865430302918e-02 1.524649794906452627e+01 1.970457439643200914e-01 9.139821029351142823e-01 1.789009457398866021e-01 5.707356990097388616e-01 2.951838369910775306e-01
2.244150487240403891e-02 1.487576879241060901e+01 1.868916246142731941e-01 9.155969348689345644e-01 1.854089766350542345e-01 5.707355923776878948e-01 2.951832851899908738e-01
2.805188109050504863e-02 1.441442722297091805e+01 1.773411790185965564e-01 9.171680775959645260e-01 1.917132488905529397e-01 5.707354857500257506e-01 2.951827333996928648e-01
3.366225730860605836e-02 1.386949192781068518e+01 1.683726236272346244e-01 9.186942228049601589e-01 1.977925785626895305e-01 5.707353791279139443e-01 2.951821816227783168e-01
3.927263352670706809e-02 1.324772289623363974e+01 1.599630515686872589e-01 9.201744652967656091e-01 2.036301457472937670e-01 5.707352725125911519e-01 2.951816298620136836e-01
4.488300974480807781e-02 1.255562988319876006e+01 1.520888967754357446e-01 9.216082612815955644e-01 2.092132260079082040e-01 5.707351659053974124e-01 2.951810781203936251e-01
5.161835790204349905e-02 1.164068039966267243e+01 1.433094201526367295e-01 9.232679130077644514e-01 2.155673065210984563e-01 5.707350379345385027e-01 2.951804157755115177e-01
5.835370605927892029e-02 1.064376026838324130e+01 1.352258538742803218e-01 9.248604629415841938e-01 2.215329211823696687e-01 5.707349099803531445e-01 2.951797534693010316e-01
6.508905421651434153e-02 9.574722444730017656e+00 1.277972356755047167e-01 9.263865515738076706e-01 2.271073380018993615e-01 5.707347820460607624e-01 2.951790912089595764e-01
7.182440237374976277e-02 8.442894173827047766e+00 1.209833213015723830e-01 9.278472306496740041e-01 2.322931724298987755e-01 5.707346541353366387e-01 2.951784290027068547e-01
7.855975053098518401e-02 7.257064341519121164e+00 1.147448137626537329e-01 9.292438859179674715e-01 2.370974986902987525e-01 5.707345262523890739e-01 2.951777668599577242e-01
8.529509868822060525e-02 6.025468756129528813e+00 1.090435233879387678e-01 9.305781672028858864e-01 2.415310028462730740e-01 5.707343984020420979e-01 2.951771047915088264e-01
9.203044684545602649e-02 4.755773350663694998e+00 1.038424834547447689e-01 9.318519257558766089e-01 2.456071949732340221e-01 5.707342705898245105e-01 2.951764428097405912e-01
9.876579500269144773e-02 3.455054660402152589e+00 9.910604125890250249e-02 9.330671586525244310e-01 2.493416922792087709e-01 5.707341428220665813e-01 2.951757809288360623e-01
1.055011431599268690e-01 2.129776428751384731e+00 9.479993722737575790e-02 9.342259598480222582e-01 2.527515800059584872e-01 5.707340151060046329e-01 2.951751191650184292e-01
1.122364913171622902e-01 7.857612476851764116e-01 9.089137997174327743e-02 9.353304773728430277e-01 2.558548527073170598e-01 5.707338874498943948e-01 2.951744575368109857e-01
1.180041798070305958e-01 -3.761386298106631498e-01 8.783664640853723615e-02 9.362348030643224961e-01 2.582825191781950580e-01 5.707337781887198425e-01 2.951738910876442468e-01
1.225680641073267907e-01 -1.300714149254043717e+00 8.559747671237902256e-02 9.369241883048370356e-01 2.600613762772030491e-01 5.707336917723954128e-01 2.951734429562272166e-01
1.271319484076229855e-01 -2.228529834924974473e+00 8.350589931722295078e-02 9.375911511081128635e-01 2.617208707309741644e-01 5.707336053956730826e-01 2.951729949142153919e-01
1.316958327079191804e-01 -3.158528621622991750e+00 8.155341795955291240e-02 9.382363402116953299e-01 2.632665985997497682e-01 5.707335190625034693e-01 2.951725469705038241e-01
1.362597170082153752e-01 -4.089819379266934618e+00 7.973190642970423569e-02 9.388603891525979517e-01 2.647040264985274782e-01 5.707334327771889093e-01 2.951720991347887013e-01
1.408236013085115701e-01 -5.021678503911523705e+00 7.803361460037477881e-02 9.394639134090609911e-01 2.660384638427267801e-01 5.707333465444148768e-01 2.951716514176406791e-01
1.453874856088077649e-01 -5.953548457222660240e+00 7.645117231771252075e-02 9.400475078921631811e-01 2.672750408266973410e-01 5.707332603692858441e-01 2.951712038305884245e-01
1.499513699091039598e-01 -6.885032388444261464e+00 7.497759075917950766e-02 9.406117447927826447e-01 2.684186918384843246e-01 5.707331742573659161e-01 2.951707563862139283e-01
1.545152542094001547e-01 -7.815884145515298087e+00 7.360626096832287302e-02 9.411571717961875194e-01 2.694741440099653884e-01 5.707330882147244600e-01 2.951703090982605304e-01
1.601037759974133223e-01 -8.954708661936713554e+00 7.205722264799128973e-02 9.418001957534514190e-01 2.706530208726674602e-01 5.707329829587589609e-01 2.951697616248594724e-01
1.656922977854264900e-01 -1.009245603634957433e+01 7.064148322471106023e-02 9.424166992669271714e-01 2.717142493563835526e-01 5.707328778300867489e-01 2.951692144391530603e-01
1.712808195734396577e-01 -1.122934939486235706e+01 6.934914390004087714e-02 9.430075232352397308e-01 2.726651951363772697e-01 5.707327728437143755e-01 2.951686675753051325e-01
1.768693413614528254e-01 -1.236573176653346806e+01 6.817106567031573638e-02 9.435734462921896437e-01 2.735127604692437764e-01 5.707326680164180877e-01 2.951681210715987325e-01
1.824578631494659930e-01 -1.350199072434805991e+01 6.709882551254932326e-02 9.441151857076885978e-01 2.742634085909060326e-01 5.707325633669666498e-01 2.951675749709787855e-01
1.880463849374791607e-01 -1.463848909433551526e+01 6.612466876125007442e-02 9.446333992455663298e-01 2.749231932889198982e-01 5.707324589163644823e-01 2.951670293216488439e-01
1.936349067254923284e-01 -1.577550778501680995e+01 6.524146019447046863e-02 9.451286877156467314e-01 2.754977908656741636e-01 5.707323546881117871e-01 2.951664841777199011e-01
1.992234285135054961e-01 -1.691320438983469288e+01 6.444263608087512363e-02 9.456015979324611243e-01 2.759925320602127918e-01 5.707322507084789942e-01 2.951659395999087221e-01
2.048119503015186638e-01 -1.805158847353697382e+01 6.372215892649712998e-02 9.460526258106450870e-01 2.764124320733446494e-01 5.707321470067939773e-01 2.951653956562849679e-01
2.104004720895318314e-01 -1.919051200839499316e+01 6.307447602100418882e-02 9.464822193757167490e-01 2.767622175008188634e-01 5.707320436157395926e-01 2.951648524230649495e-01
2.159889938775449991e-01 -2.032967181560169578e+01 6.249448225852057698e-02 9.468907815364947522e-01 2.770463496177331120e-01 5.707319405716573257e-01 2.951643099854515673e-01
2.225284304877277464e-01 -2.166235717208049394e+01 6.189547412933944781e-02 9.473426398417617023e-01 2.773011105378722085e-01 5.707318204889878510e-01 2.951636763877336644e-01
2.290678670979104936e-01 -2.299380845733782408e+01 6.137589518774263370e-02 9.477666991554591913e-01 2.774780948011755788e-01 5.707317010088419629e-01 2.951630441812791994e-01
2.356073037080932409e-01 -2.432288216704506567e+01 6.092956358954997736e-02 9.481633942774793100e-01 2.775832583459201808e-01 5.707315822119354287e-01 2.951624135596651599e-01
2.421467403182759881e-01 -2.564826781477582074e+01 6.055091470980483032e-02 9.485330911182898728e-01 2.776221791401404793e-01 5.707314641882520467e-01 2.951617847409706008e-01
2.486861769284587353e-01 -2.696852249460125961e+01 6.023495615163486361e-02 9.488760895641169535e-01 2.776000768350549985e-01 5.707313470375771081e-01 2.951611579699556787e-01
2.552256135386414826e-01 -2.828210248708583308e+01 5.997722621469982196e-02 9.491926261324341585e-01 2.775218298075166068e-01 5.707312308699221681e-01 2.951605335202070468e-01
2.617650501488242298e-01 -2.958739270851256009e+01 5.977375482840733417e-02 9.494828765941848436e-01 2.773919905787695650e-01 5.707311158058008260e-01 2.951599116961897140e-01
2.683044867590069771e-01 -3.088273510947539435e+01 5.962102632154434728e-02 9.497469586934985664e-01 2.772148002664554522e-01 5.707310019763147668e-01 2.951592928351340350e-01
2.786984999547712505e-01 -3.291701204633477573e+01 5.947521138083148445e-02 9.501129842908223599e-01 2.768453318416221332e-01 5.707308239445696429e-01 2.951583162207460087e-01
2.890925131505355239e-01 -3.491533092502698565e+01 5.943939804300240465e-02 9.504130284872781553e-01 2.763804921274330417e-01 5.707306500121058779e-01 2.951573497216500863e-01
2.994865263462997973e-01 -3.687145011474134293e+01 5.950521636228433414e-02 9.506467812560217556e-01 2.758329873305212510e-01 5.707304808536709517e-01 2.951563952529993595e-01
3.098805395420640707e-01 -3.877974162176941064e+01 5.966610319395796586e-02 9.508136745660131783e-01 2.752139868609133067e-01 5.707303171860914626e-01 2.951554549657887105e-01
3.202745527378283441e-01 -4.063538850367694266e+01 5.991701200248234632e-02 9.509129232785529240e-01 2.745332610335715073e-01 5.707301597501623913e-01 2.951545312381915198e-01
3.306685659335926175e-01 -4.243450961138412936e+01 6.025414804815278774e-02 9.509435672887571744e-01 2.737993180256005354e-01 5.707300092885883025e-01 2.951536266574921741e-01
3.410625791293568909e-01 -4.417420537329232388e+01 6.067473083877476803e-02 9.509045137247166268e-01 2.730195383223322225e-01 5.707298665214632916e-01 2.951527439927751351e-01
3.514565923251211643e-01 -4.585253211782151084e+01 6.117678479007210984e-02 9.507945781848330391e-01 2.722003043969560276e-01 5.707297321211877161e-01 2.951518861591211906e-01
3.618506055208854377e-01 -4.746842197218183657e+01 6.175895790814587422e-02 9.506125242255594188e-01 2.713471233376893998e-01 5.707296066888680741e-01 2.951510561745521177e-01
3.722446187166497111e-01 -4.902156905225219674e+01 6.242036725526953211e-02 9.503571005339068734e-01 2.704647404929855781e-01 5.707294907341052825e-01 2.951502571113463480e-01
3.826386319124139845e-01 -5.051230128783382867e+01 6.316046916261323918e-02 9.500270753937651858e-01 2.695572428008631838e-01 5.707293846596759312e-01 2.951494920436219527e-01
3.946122674242360517e-01 -5.215332904960630600e+01 6.411018913646632233e-02 9.495528919229523357e-01 2.684852594046813201e-01 5.707292750785384339e-01 2.951486567736206212e-01
4.065859029360581189e-01 -5.371455317331895429e+01 6.516367908692907718e-02 9.489764741670988490e-01 2.673891964909754781e-01 5.707291792260744678e-01 2.951478750624925151e-01
4.185595384478801861e-01 -5.519835982189523094e+01 6.632080149087019039e-02 9.482963410900038248e-01 2.662729357095782179e-01 5.707290971388087053e-01 2.951471510603178583e-01
4.305331739597022533e-01 -5.660745548674115923e+01 6.758142135735012435e-02 9.475112442248779798e-01 2.651397658149034497e-01 5.707290286652784150e-01 2.951464885364185053e-01
4.425068094715243205e-01 -5.794474071145829441e+01 6.894532353637976285e-02 9.466202024633755263e-01 2.639924824038638596e-01 5.707289734907400325e-01 2.951458908027620454e-01
4.544804449833463877e-01 -5.921321591058254086e+01 7.041215203241747711e-02 9.456225291925229870e-01 2.628334705269958493e-01 5.707289311665206810e-01 2.951453606555055620e-01
4.664540804951684549e-01 -6.041591271836293942e+01 7.198136722455876491e-02 9.445178520201801264e-01 2.616647728579539756e-01 5.707289011408697155e-01 2.951449003363127432e-01
4.784277160069905221e-01 -6.155584511967158079e+01 7.365221760520490601e-02 9.433061254615565661e-01 2.604881458206923517e-01 5.707288827888100657e-01 2.951445115136617225e-01
4.954228479327866808e-01 -6.307185717079545384e+01 7.619633073892609354e-02 9.414030522792858902e-01 2.588073761103132919e-01 5.707288754654754603e-01 2.951440844161103971e-01
5.124179798585828394e-01 -6.447557738759942936e+01 7.893957048336194826e-02 9.392869210936639623e-01 2.571173123028691054e-01 5.707288883201167007e-01 2.951438047030580658e-01
5.294131117843789980e-01 -6.577482528647992410e+01 8.187737646988511864e-02 9.369610179684803031e-01 2.554209650339211990e-01 5.707289193778822822e-01 2.951436715514113573e-01
5.464082437101751566e-01 -6.697699802232460797e+01 8.500429660984150371e-02 9.344298733405770330e-01 2.537208291946663752e-01 5.707289667456414417e-01 2.951436823511243701e-01
5.634033756359713152e-01 -6.808905462449837387e+01 8.831406836939953431e-02 9.316991643221671504e-01 2.520189867595851174e-01 5.707290286566008009e-01 2.951438330157249434e-01
5.803985075617674738e-01 -6.911751581016805801e+01 9.179971871873685019e-02 9.287755971329756388e-01 2.503171863840619737e-01 5.707291034935046969e-01 2.951441183032514348e-01
5.973936394875636324e-01 -7.006847326296644951e+01 9.545367431564974470e-02 9.256667766199573322e-01 2.486169054563912295e-01 5.707291897965840466e-01 2.951445321235457997e-01
6.143887714133597910e-01 -7.094760453665311672e+01 9.926787528297716101e-02 9.223810691787217575e-01 2.469193988540553664e-01 5.707292862613695394e-01 2.951450678158289986e-01
6.363841248967219144e-01 -7.198732060823049039e+01 1.044283894309379068e-01 9.178807658368149935e-01 2.447283062624859562e-01 5.707294243229774633e-01 2.951459306309458519e-01
6.583794783800840378e-01 -7.292606125400754991e+01 1.098242528235915533e-01 9.131199337070972089e-01 2.425455902436262912e-01 5.707295753014757222e-01 2.951469704223314561e-01
6.803748318634461612e-01 -7.377336855771076785e+01 1.154361653899346751e-01 9.081201310690969475e-01 2.403728572056615109e-01 5.707297373506102778e-01 2.951481719167121098e-01
7.023701853468082845e-01 -7.453788041066506764e+01 1.212447509008756363e-01 9.029034013086327803e-01 2.382114369131591858e-01 5.707299089083203159e-01 2.951495203831719927e-01
7.243655388301704079e-01 -7.522740450402373824e+01 1.272308247698503703e-01 8.974919035421177194e-01 2.360624341941175708e-01 5.707300886529423911e-01 2.951510018781972611e-01
7.463608923135325313e-01 -7.584898933131528054e+01 1.333756141024329267e-01 8.919075983054356449e-01 2.339267693841317608e-01 5.707302754646362830e-01 2.951526033844952268e-01
7.683562457968946546e-01 -7.640899158446079298e+01 1.396609324546702335e-01 8.861719880325579224e-01 2.318052102458171004e-01 5.707304683922567179e-01 2.951543128724120613e-01
7.903515992802567780e-01 -7.691313948668391731e+01 1.460693130250174943e-01 8.803059098570572560e-01 2.296983974436710430e-01 5.707306666254079452e-01 2.951561193071088329e-01
8.166588213352952152e-01 -7.744994825367810165e+01 1.538723412460976103e-01 8.731464685595649033e-01 2.271986814527177378e-01 5.707309097242379003e-01 2.951583931603144473e-01
8.429660433903336525e-01 -7.792207937547482288e+01 1.618008113334024889e-01 8.658614275775742275e-01 2.247215669458222653e-01 5.707311584219554312e-01 2.951607758210634258e-01
8.692732654453720897e-01 -7.833647006477886521e+01 1.698297859963432410e-01 8.584811320500463916e-01 2.222676498376424115e-01 5.707314118767840005e-01 2.951632534865487045e-01
8.955804875004105270e-01 -7.869923613351851088e+01 1.779362435865136649e-01 8.510337159194727441e-01 2.198374006729837404e-01 5.707316693789027395e-01 2.951658139001746561e-01
9.218877095554489642e-01 -7.901577054572126713e+01 1.860990591421385898e-01 8.435450706722908976e-01 2.174311857356987787e-01 5.707319303260078858e-01 2.951684461837418283e-01
9.481949316104874015e-01 -7.929083116364698469e+01 1.942989507908773339e-01 8.360388678205180613e-01 2.150492840828790442e-01 5.707321942038394713e-01 2.951711406773661062e-01
9.745021536655258387e-01 -7.952861851459280729e+01 2.025184020892789871e-01 8.285366208837068314e-01 2.126919014586354517e-01 5.707324605705897946e-01 2.951738887924525989e-01
1.007006226442172192e+00 -7.977643161607613820e+01 2.126775547051159565e-01 8.193014212596365642e-01 2.098132931499654963e-01 5.707327925549354752e-01 2.951773469801388661e-01
1.039510299218818545e+00 -7.997909289399112254e+01 2.228158789489313729e-01 8.101343921447213825e-01 2.069724946372836216e-01 5.707331271418790708e-01 2.951808626811692760e-01
1.072014371995464899e+00 -8.014186537115175213e+01 2.329101178588859067e-01 8.010638910051176564e-01 2.041695687836297124e-01 5.707334638072667499e-01 2.951844247980168201e-01
1.104518444772111252e+00 -8.026929110607250095e+01 2.429400515713165398e-01 7.921144201505709859e-01 2.014044962347726619e-01 5.707338021022646535e-01 2.951880236099946875e-01
1.137022517548757605e+00 -8.036529958428081954e+01 2.528881977441003182e-01 7.833069883639252051e-01 1.986771899451078016e-01 5.707341416392204270e-01 2.951916505649571643e-01
1.169526590325403959e+00 -8.043329933960310996e+01 2.627395282365440066e-01 7.746594606714317655e-01 1.959875070056021629e-01 5.707344820805060337e-01 2.951952981049048574e-01
1.202030663102050312e+00 -8.047625533475466852e+01 2.724812055244527076e-01 7.661868892420607979e-01 1.933352583120205581e-01 5.707348231296766050e-01 2.951989595200100736e-01
1.234534735878696665e+00 -8.049675429377505509e+01 2.821023404918649446e-01 7.579018214797882402e-01 1.907202165244559766e-01 5.707351645244038707e-01 2.952026288264506526e-01
1.285493939329171553e+00 -8.048901288183127178e+01 2.969221151694999561e-01 7.453141271755874264e-01 1.866946719586426162e-01 5.707356998997630271e-01 2.952083847265021821e-01
1.336453142779646441e+00 -8.043896519441335613e+01 3.113955590516370164e-01 7.332424950644631512e-01 1.827588139634625797e-01 5.707362347678612835e-01 2.952141289151656300e-01
1.387412346230121329e+00 -8.035269927630402265e+01 3.255023110064381719e-01 7.217075639534717979e-01 1.789114037020814174e-01 5.707367684509316863e-01 2.952198459141550102e-01
1.438371549680596218e+00 -8.023525736080962645e+01 3.392282554240793613e-01 7.107220228500887860e-01 1.751511162222925688e-01 5.707373003572264736e-01 2.952255223595757205e-01
1.489330753131071106e+00 -8.009084944428290953e+01 3.525643734999646117e-01 7.002921227581876407e-01 1.714765647642087776e-01 5.707378299623948603e-01 2.952311466165030152e-01
1.540289956581545994e+00 -7.992301896248083892e+01 3.655057896648585825e-01 6.904189322789645589e-01 1.678863195406306019e-01 5.707383567954967818e-01 2.952367084808421582e-01
1.591249160032020882e+00 -7.973477190032569695e+01 3.780509813905622574e-01 6.810993763830384129e-01 1.643789223576828662e-01 5.707388804283844985e-01 2.952421989470797592e-01
1.642208363482495770e+00 -7.952867789613421223e+01 3.902011253816235481e-01 6.723270926103244172e-01 1.609528980582121127e-01 5.707394004675754307e-01 2.952476100262707015e-01
1.693167566932970658e+00 -7.930694982991667530e+01 4.019595567114409573e-01 6.640931353566793538e-01 1.576067635247938581e-01 5.707399165479842829e-01 2.952529346023997636e-01
1.744126770383445546e+00 -7.907150681197352071e+01 4.133313215353230929e-01 6.563865539522176773e-01 1.543390347873021817e-01 5.707404283280618218e-01 2.952581663182862193e-01
1.795085973833920434e+00 -7.882402431383221142e+01 4.243228072180869614e-01 6.491948662964845962e-01 1.511482326482199434e-01 5.707409354860090156e-01 2.952632994843144010e-01
1.867076626469497569e+00 -7.845670353573586908e+01 4.392170738036938471e-01 6.398859958397347114e-01 1.467688032657441244e-01 5.707416434883275658e-01 2.952703734445771833e-01
1.939067279105074704e+00 -7.807185054040152750e+01 4.533907831911770936e-01 6.315363426913941369e-01 1.425358697640080052e-01 5.707423408477240168e-01 2.952772280582236508e-01
2.011057931740651838e+00 -7.767250802081530026e+01 4.668693894385829712e-01 6.241029146882649536e-01 1.384453984539807669e-01 5.707430268005005969e-01 2.952838526089974769e-01
2.083048584376228973e+00 -7.726128208318991142e+01 4.796794933296016361e-01 6.175418194089000723e-01 1.344934317581970851e-01 5.707437006243923916e-01 2.952902380423713669e-01
2.155039237011806108e+00 -7.684042341007335608e+01 4.918481891220569113e-01 6.118090287838084951e-01 1.306760956251427630e-01 5.707443616338883086e-01 2.952963768032120240e-01
2.227029889647383243e+00 -7.641188964691848184e+01 5.034025742419462324e-01 6.068609352306860716e-01 1.269896044856691775e-01 5.707450091771095746e-01 2.953022627039564307e-01
2.299020542282960378e+00 -7.597739382030999877e+01 5.143693855709436935e-01 6.026547497549981092e-01 1.234302643477857703e-01 5.707456426338418654e-01 2.953078908143463854e-01
2.371011194918537512e+00 -7.553844237164493336e+01 5.247747342199153842e-01 5.991487797575203444e-01 1.199944744680720154e-01 5.707462614144108715e-01 2.953132573660921523e-01
2.450524357758695260e+00 -7.505003996676960298e+01 5.356452310958674801e-01 5.960416951514606598e-01 1.163390442389860141e-01 5.707469271243831299e-01 2.953188774960450735e-01
2.530037520598853007e+00 -7.455939891972350608e+01 5.458943739464161560e-01 5.936870934300225722e-01 1.128254650657863345e-01 5.707475735371793091e-01 2.953241730723932257e-01
2.609550683439010754e+00 -7.406790195487880624e+01 5.555533646099861667e-01 5.920347213342416204e-01 1.094492822802408533e-01 5.707481999861049315e-01 2.953291432448165721e-01
2.689063846279168501e+00 -7.357676228356814363e+01 5.646517964689166114e-01 5.910365673604131009e-01 1.062061767185911998e-01 5.707488058500181927e-01 2.953337884133965807e-01
2.768577009119326249e+00 -7.308704427123383596e+01 5.732176287953126836e-01 5.906468620044068585e-01 1.030919618423499773e-01 5.707493905540863555e-01 2.953381101167377176e-01
2.848090171959483996e+00 -7.259968026635893068e+01 5.812771961746076022e-01 5.908220455920059067e-01 1.001025804372136230e-01 5.707499535705324867e-01 2.953421109228832053e-01
2.927603334799641743e+00 -7.211548450709500457e+01 5.888552426156364872e-01 5.915207158218287464e-01 9.723410105638576051e-02 5.707504944192494101e-01 2.953457943224839233e-01
3.037222950806608424e+00 -7.145444003842850123e+01 5.985556726870586708e-01 5.932700200917184752e-01 9.347073705445460567e-02 5.707512029157841837e-01 2.953503600387932804e-01
3.146842566813575104e+00 -7.080230700369105534e+01 6.074410479810526953e-01 5.958431020987070559e-01 8.992032508824554515e-02 5.707518674833051975e-01 2.953543442381816320e-01
3.256462182820541784e+00 -7.016033502044905390e+01 6.155626430303542396e-01 5.991501312049329897e-01 8.657365908441119751e-02 5.707524873123218656e-01 2.953577624896584486e-01
3.366081798827508464e+00 -6.952949902397024573e+01 6.229671389459623398e-01 6.031078249540443581e-01 8.342192423866535977e-02 5.707530617620825142e-01 2.953606320086855086e-01
3.475701414834475145e+00 -6.891052831272716617e+01 6.296970037989281233e-01 6.076390905421542588e-01 8.045668031518483920e-02 5.707535903543157207e-01 2.953629712329927659e-01
3.585321030841441825e+00 -6.830393189229467055e+01 6.357908623517662949e-01 6.126726864764485692e-01 7.766984620773322023e-02 5.707540727646609469e-01 2.953647994365778962e-01
3.694940646848408505e+00 -6.771002116341318811e+01 6.412838460104648419e-01 6.181429061614736042e-01 7.505368589819073899e-02 5.707545088120202781e-01 2.953661363846876720e-01
3.833096471440512687e+00 -6.697976442801676455e+01 6.474000845643946844e-01 6.255659490428199243e-01 7.198815972709496358e-02 5.707549922679292509e-01 2.953671525256544861e-01
3.971252296032616869e+00 -6.626977602448965854e+01 6.526700091181586449e-01 6.334769692623239967e-01 6.916790108939034620e-02 5.707554021703321601e-01 2.953674597638916710e-01
4.109408120624721050e+00 -6.557962977025057683e+01 6.571447866866619858e-01 6.417777655499634637e-01 6.657959307085282996e-02 5.707557389286447291e-01 2.953670969758901421e-01
4.247563945216825232e+00 -6.490860649124662984e+01 6.608699108924022125e-01 6.503810553340803047e-01 6.421067312622448509e-02 5.707560031532794564e-01 2.953661016705060871e-01
4.385719769808929414e+00 -6.425573885219574777e+01 6.638858269312811755e-01 6.592097325926717932e-01 6.204931162443391018e-02 5.707561956079133525e-01 2.953645096042541440e-01
4.523875594401033595e+00 -6.361985013976342884e+01 6.662284577897580329e-01 6.681961548702359810e-01 6.008439429233382312e-02 5.707563171634791876e-01 2.953623545154414054e-01
4.662031418993137777e+00 -6.299958630090895184e+01 6.679296397128885454e-01 6.772814555881252474e-01 5.830550820980138355e-02 5.707563687548917741e-01 2.953596679568367134e-01
4.846957931295037270e+00 -6.219115027945964869e+01 6.692512283615936752e-01 6.895099282642642713e-01 5.619873201806902668e-02 5.707563299794290446e-01 2.953552907484904844e-01
5.031884443596936762e+00 -6.140399688067299167e+01 6.695312801665854741e-01 7.017244825623744076e-01 5.438652625386015960e-02 5.707561698154435259e-01 2.953500772654912843e-01
5.216810955898836255e+00 -6.063370173088770798e+01 6.688172675549177715e-01 7.138455670985216495e-01 5.284968087079787435e-02 5.707558903292003771e-01 2.953440839655643857e-01
5.401737468200735748e+00 -5.987535782927009365e+01 6.671467304868160531e-01 7.258128092768101336e-01 5.157120178778640956e-02 5.707554932735127151e-01 2.953373602029386036e-01
5.586663980502635241e+00 -5.912342943296343378e+01 6.645471886197402700e-01 7.375830379900809586e-01 5.053638766290850098e-02 5.707549799580533545e-01 2.953299484590922175e-01
5.736795799733954482e+00 -5.851329907511866679e+01 6.617654801286027011e-01 7.469742919204613862e-01 4.986695353469144248e-02 5.707544782421679619e-01 2.953234501572886139e-01
5.886927618965273723e+00 -5.789909569238286480e+01 6.583859639405428288e-01 7.562096547812383607e-01 4.934473797060671962e-02 5.707539004207959898e-01 2.953165380282732899e-01
6.010446635351399891e+00 -5.738726780001011463e+01 6.551553713025564107e-01 7.636898443294868333e-01 4.902267177361344097e-02 5.707533677078757695e-01 2.953105500952569185e-01
6.133965651737526059e+00 -5.686600068147528475e+01 6.515127717305484456e-01 7.710658600481297142e-01 4.879619686575070031e-02 5.707527827632481454e-01 2.953042964782356949e-01
6.257484668123652227e+00 -5.633112876456564777e+01 6.474484235716140290e-01 7.783432277742556860e-01 4.866479768782055321e-02 5.707521448262573571e-01 2.952977812314127037e-01
6.356414898793445900e+00 -5.588939545148549115e+01 6.438789739223558239e-01 7.841066825508620219e-01 4.862846096228638088e-02 5.707515949183998849e-01 2.952923758911543128e-01
6.455345129463239573e+00 -5.543208751912448662e+01 6.400183006024983134e-01 7.898190395308444245e-01 4.865436347657716570e-02 5.707510095064494138e-01 2.952868044844488282e-01
6.537331445550080389e+00 -5.503818636279601151e+01 6.365877097300310927e-01 7.945203068830867243e-01 4.872413223657557496e-02 5.707504967226404435e-01 2.952820609800208551e-01
6.619317761636921205e+00 -5.462740112190252972e+01 6.329360260541433414e-01 7.991983572067309360e-01 4.883915646092195501e-02 5.707499580993230515e-01 2.952772019410879745e-01
6.701304077723762020e+00 -5.419570908630395678e+01 6.290492770181985716e-01 8.038607009243141643e-01 4.900140008063726821e-02 5.707493927077716966e-01 2.952722257129152261e-01
6.768108067422872409e+00 -5.382495014476328521e+01 6.256962256756096741e-01 8.076544298181930204e-01 4.917035084050677685e-02 5.707489114314168166e-01 2.952680826810566983e-01
6.834912057121982798e+00 -5.343331085346185461e+01 6.221631553049988828e-01 8.114499809265243169e-01 4.937434154533519581e-02 5.707484108566286407e-01 2.952638584624818763e-01
6.901716046821093187e+00 -5.301623265402702145e+01 6.184349373138960937e-01 8.152547379020211871e-01 4.961584188722741040e-02 5.707478900612578121e-01 2.952595507665990993e-01
6.954811432529822923e+00 -5.266273446024101901e+01 6.153201115192705739e-01 8.182912098146355451e-01 4.983663042935061044e-02 5.707474609776373997e-01 2.952560655865314465e-01
7.007906818238552660e+00 -5.228568775894244425e+01 6.120582664499333303e-01 8.213445717836933557e-01 5.008514303903476711e-02 5.707470177438997982e-01 2.952525240452373856e-01
7.052145472713164054e+00 -5.195013210785077007e+01 6.092178866793258596e-01 8.239061423831348652e-01 5.031518082621392468e-02 5.707466370678773160e-01 2.952495286634764793e-01
7.096384127187775448e+00 -5.159143925722214874e+01 6.062552443481119546e-01 8.264883508871330164e-01 5.056801382033325465e-02 5.707462454765450666e-01 2.952464911624826382e-01
7.140622781662386842e+00 -5.120524826670757790e+01 6.031580039014119432e-01 8.290964307596639937e-01 5.084584975504419929e-02 5.707458423388453994e-01 2.952434097920499934e-01
7.177263371864682995e+00 -5.086065719224966841e+01 6.004801352169292228e-01 8.312805691347012749e-01 5.109682776860114545e-02 5.707454991737185290e-01 2.952408229779359683e-01
7.213903962066979147e+00 -5.048946274912901089e+01 5.976892039003407486e-01 8.334909011971121107e-01 5.136872408309490351e-02 5.707451470912462410e-01 2.952382032991630045e-01
7.250544552269275300e+00 -5.008669135328428013e+01 5.947725907406948842e-01 8.357323652771856404e-01 5.166386040075388736e-02 5.707447855233807044e-01 2.952355491817117428e-01
7.280075373637373559e+00 -4.973483836748062714e+01 5.923200399252938064e-01 8.375655157147102736e-01 5.192057089766957678e-02 5.707444867639093200e-01 2.952333837744621214e-01
7.309606195005471818e+00 -4.935421938241979234e+01 5.897660419349590732e-01 8.394263193810034274e-01 5.219606031166489774e-02 5.707441810138809135e-01 2.952311937185510549e-01
7.339137016373570077e+00 -4.893962121610187666e+01 5.870987414407504712e-01 8.413190376977941476e-01 5.249255259945563579e-02 5.707438678136185217e-01 2.952289777650640712e-01
7.362951639035600238e+00 -4.857607958114584079e+01 5.848554512282594375e-01 8.428720433232920195e-01 5.274879280994350383e-02 5.707436094531463944e-01 2.952271709177350378e-01
7.386766261697630398e+00 -4.818183168390250160e+01 5.825199217711677369e-01 8.444521809641326593e-01 5.302219895189272392e-02 5.707433455855190907e-01 2.952253454547402178e-01
7.410580884359660558e+00 -4.775147566508684349e+01 5.800810875744281114e-01 8.460630836064747529e-01 5.331487588490881058e-02 5.707430758489815403e-01 2.952235004219989634e-01
7.429853798283147626e+00 -4.737214356378312630e+01 5.780225855504044219e-01 8.473922047937043622e-01 5.356759117928946295e-02 5.707428529759626112e-01 2.952219921956972248e-01
7.449126712206634693e+00 -4.696022870331233889e+01 5.758790133390357946e-01 8.487469226950543622e-01 5.383625734203394825e-02 5.707426257412446802e-01 2.952204698096296820e-01
7.468399626130121760e+00 -4.651015469730259611e+01 5.736399990333991283e-01 8.501303264261994563e-01 5.412286646923798739e-02 5.707423938654838658e-01 2.952189325526277663e-01
7.484077296772738919e+00 -4.611111016179332722e+01 5.717396240930420204e-01 8.512793108878690118e-01 5.437090793909844788e-02 5.707422016044049196e-01 2.952176705468342877e-01
7.499754967415356077e+00 -4.567754340992669881e+01 5.697596059042956407e-01 8.524519393521480248e-01 5.463400016464452225e-02 5.707420058733064794e-01 2.952163977040567211e-01
7.515432638057973236e+00 -4.520369339328637892e+01 5.676901153156411750e-01 8.536508477424722408e-01 5.491404243262960200e-02 5.707418064596383456e-01 2.952151135036609197e-01
7.528263648448046297e+00 -4.478093556019183552e+01 5.659215465318350180e-01 8.546537589390578171e-01 5.515744837062959427e-02 5.707416403487483025e-01 2.952140536298097917e-01
7.541094658838119358e+00 -4.432154260935515566e+01 5.640772077118653138e-01 8.556782900792715418e-01 5.541527380895007460e-02 5.707414714677727652e-01 2.952129854199298520e-01
7.553925669228192419e+00 -4.381954205210364961e+01 5.621476364885786836e-01 8.567267082739437045e-01 5.568935220790168644e-02 5.707412996571541441e-01 2.952119084988133468e-01
7.564502275476115756e+00 -4.336851371367152552e+01 5.604849508908479327e-01 8.576107365705584185e-01 5.592905650106536064e-02 5.707411557065650287e-01 2.952110139542704625e-01
7.575078881724039093e+00 -4.287842612225529848e+01 5.587488398608118079e-01 8.585144960660946456e-01 5.618281053187086649e-02 5.707410095374327863e-01 2.952101129658432077e-01
7.585655487971962430e+00 -4.234304887594670674e+01 5.569300036163551404e-01 8.594399614560618295e-01 5.645241579279505068e-02 5.707408610315908293e-01 2.952092052673105371e-01
7.594449848795193247e+00 -4.185792927718458145e+01 5.553466271324277725e-01 8.602276436324916009e-01 5.669021625579914042e-02 5.707407356786686758e-01 2.952084452092644251e-01
7.603244209618424065e+00 -4.133080765745612695e+01 5.536904719885875625e-01 8.610334363356869636e-01 5.694199108057210190e-02 5.707406085410425822e-01 2.952076801393074268e-01
7.612038570441654883e+00 -4.075511845487896778e+01 5.519521455413951561e-01 8.618590921826038143e-01 5.720955429127667219e-02 5.707404795324667601e-01 2.952069098718386186e-01
7.620832931264885701e+00 -4.012280648594516208e+01 5.501202389472169552e-01 8.627066429568962524e-01 5.749510573354407739e-02 5.707403485603670390e-01 2.952061342109700837e-01
7.627805401381920092e+00 -3.957471739341574590e+01 5.485921547677828913e-01 8.633957294460751219e-01 5.773605139037415318e-02 5.707402432603595477e-01 2.952055152715070685e-01
7.634777871498954482e+00 -3.897872486196857267e+01 5.469879817517401266e-01 8.641014359287902957e-01 5.799162329227155327e-02 5.707401366116274799e-01 2.952048927060609285e-01
7.641750341615988873e+00 -3.832749477850264697e+01 5.452974719026706385e-01 8.648253380500081633e-01 5.826378480797250736e-02 5.707400285593906553e-01 2.952042664051505727e-01
7.648722811733023264e+00 -3.761210720545759756e+01 5.435081371049178545e-01 8.655692592227034465e-01 5.855492224538352136e-02 5.707399190466705408e-01 2.952036362574270711e-01
7.654441129358019680e+00 -3.696991467683328381e+01 5.419561969026041037e-01 8.661957925446969186e-01 5.880989355538328994e-02 5.707398281010234165e-01 2.952031165061328455e-01
7.660159446983016096e+00 -3.626995536581112134e+01 5.403171043167155352e-01 8.668385729907259751e-01 5.908156300250088505e-02 5.707397361007113812e-01 2.952025940315913255e-01
7.665877764608012512e+00 -3.550348847073779979e+01 5.385782525012714483e-01 8.674991623422050324e-01 5.937231839241077780e-02 5.707396430129205722e-01 2.952020687752493489e-01
7.671596082233008929e+00 -3.465999741707776138e+01 5.367241697483223772e-01 8.681793684806211608e-01 5.968508091932435422e-02 5.707395488055740929e-01 2.952015406824250454e-01
7.677314399858005345e+00 -3.372677361183354350e+01 5.347356428241395454e-01 8.688812987518480524e-01 6.002346626366881349e-02 5.707394534482815862e-01 2.952010097046155468e-01
7.683032717483001761e+00 -3.268841211670787317e+01 5.325885066510134269e-01 8.696074271985111404e-01 6.039200682558285710e-02 5.707393569136705036e-01 2.952004758026215980e-01
7.688751035107998177e+00 -3.152622451542026027e+01 5.302519574615912612e-01 8.703606793077222070e-01 6.079646178783600086e-02 5.707392591792024295e-01 2.951999389506829718e-01
7.692829775522113778e+00 -3.060928381747462979e+01 5.284480669953584009e-01 8.709164282654741074e-01 6.111091321501557067e-02 5.707391887255719443e-01 2.951995542196824696e-01
7.696908515936229378e+00 -2.960836083536794305e+01 5.265097075752955824e-01 8.714892059192088647e-01 6.145073612852429423e-02 5.707391176510601127e-01 2.951991679889449105e-01
7.699995039409259334e+00 -2.878854834465334633e+01 5.249401912345035282e-01 8.719349812862894344e-01 6.172723324229933278e-02 5.707390634542630625e-01 2.951988747257328072e-01
7.703081562882289290e+00 -2.790932779623246418e+01 5.232696956667886035e-01 8.723922795021422649e-01 6.202272210638029581e-02 5.707390089043585801e-01 2.951985806205328911e-01
7.706168086355319247e+00 -2.696518302312052384e+01 5.214848378368711623e-01 8.728620022888747831e-01 6.233969894984230792e-02 5.707389540049383481e-01 2.951982856864665550e-01
7.709254609828349203e+00 -2.595031566978568449e+01 5.195699122211770993e-01 8.733451456584203632e-01 6.268110266248561047e-02 5.707388987614402387e-01 2.951979899408228025e-01
7.711686659007682465e+00 -2.509694102706301067e+01 5.179574459613900395e-01 8.737360106471282473e-01 6.296957055724972108e-02 5.707388549943849254e-01 2.951977563483293987e-01
7.714118708187015727e+00 -2.419310655679411681e+01 5.162424439562841583e-01 8.741364713395578523e-01 6.327731384064251563e-02 5.707388110230017242e-01 2.951975222783811414e-01
7.716550757366348989e+00 -2.323610173263388745e+01 5.144131432340004473e-01 8.745471537433204823e-01 6.360657873003711105e-02 5.707387668529174674e-01 2.951972877459617117e-01
7.718982806545682251e+00 -2.222352817015686810e+01 5.124562782205308586e-01 8.749687255672469188e-01 6.395992704520103711e-02 5.707387224907527479e-01 2.951970527681924139e-01
7.721414855725015514e+00 -2.115350897687389065e+01 5.103569735855076894e-01 8.754018936959307995e-01 6.434027455110004345e-02 5.707386779441498970e-01 2.951968173643687021e-01
7.723846904904348776e+00 -2.002496091493076591e+01 5.080986885186594693e-01 8.758473988476394023e-01 6.475092767127689497e-02 5.707386332217735392e-01 2.951965815559374762e-01
7.726278954083682038e+00 -1.883793167789298906e+01 5.056632500658594376e-01 8.763060063454560789e-01 6.519561393941691874e-02 5.707385883332790621e-01 2.951963453664041559e-01
7.728169770678505301e+00 -1.787559805784919220e+01 5.036348768894687300e-01 8.766721039402949334e-01 6.556750377956632736e-02 5.707385533263057420e-01 2.951961614917679722e-01
7.730060587273328565e+00 -1.688035361933420120e+01 5.014778691934225208e-01 8.770469517365095946e-01 6.596461502856776349e-02 5.707385182306090599e-01 2.951959774147006055e-01
7.730419224957586266e+00 -1.668804731508650363e+01 5.010534110300329802e-01 8.771190668007348146e-01 6.604296847799635828e-02 5.707385115643313078e-01 2.951959424784020292e-01
7.730777862641843967e+00 -1.649465808348237772e+01 5.006238986816698988e-01 8.771915116647838184e-01 6.612232757676174411e-02 5.707385048950998074e-01 2.951959075353816075e-01
7.731136500326101668e+00 -1.630020661864033116e+01 5.001892637206334369e-01 8.772642886306954990e-01 6.620270872088608594e-02 5.707384982229535275e-01 2.951958725857308230e-01
7.731495138010359369e+00 -1.610471475208735725e+01 4.997494378616534894e-01 8.773373999698090842e-01 6.628412846222192512e-02 5.707384915479316589e-01 2.951958376295414355e-01
7.731853775694617070e+00 -1.590820551645299474e+01 4.993043529706896466e-01 8.774108479213497125e-01 6.636660351232427646e-02 5.707384848700737257e-01 2.951958026669054824e-01
7.732212413378874771e+00 -1.571070313345389380e+01 4.988539411548231772e-01 8.774846346896393312e-01 6.645015073257587446e-02 5.707384781894192516e-01 2.951957676979153899e-01
7.732929688761942089e+00 -1.531282175521410949e+01 4.979368668483913352e-01 8.776332333037879518e-01 6.662052983238953008e-02 5.707384648198796651e-01 2.951956977412436012e-01
7.733646964145009406e+00 -1.491128808951166818e+01 4.969976795432529126e-01 8.777832126529093726e-01 6.679540335731773415e-02 5.707384514396325326e-01 2.951956277602694745e-01
7.734364239528076723e+00 -1.450633822227620762e+01 4.960358527035612641e-01 8.779345888590998070e-01 6.697491078298060951e-02 5.707384380489989306e-01 2.951955577557387467e-01
7.735081514911144041e+00 -1.409822624867145180e+01 4.950508715049392050e-01 8.780873772404985678e-01 6.715919314845970878e-02 5.707384246483008239e-01 2.951954877283974876e-01
7.735798790294211358e+00 -1.368722337965246894e+01 4.940422356659404102e-01 8.782415922308488554e-01 6.734839272469222982e-02 5.707384112378606211e-01 2.951954176789910456e-01
7.736678237983142026e+00 -1.317977227551710584e+01 4.927725639352992792e-01 8.784326410239454708e-01 6.758729001034445572e-02 5.707383947825653836e-01 2.951953317627487028e-01
7.737557685672072694e+00 -1.266896637223242905e+01 4.914657600662598602e-01 8.786258773162162194e-01 6.783405938090014686e-02 5.707383783136991129e-01 2.951952458158129677e-01
7.738437133361003362e+00 -1.215539167002425280e+01 4.901210314895261821e-01 8.788213212330779900e-01 6.808896557264365601e-02 5.707383618318480067e-01 2.951951598395312626e-01
7.739316581049934030e+00 -1.163965607342439768e+01 4.887376477968885524e-01 8.790189901872430545e-01 6.835227222128129054e-02 5.707383453375917126e-01 2.951950738352336900e-01
7.740196028738864698e+00 -1.112238272428669283e+01 4.873149488361229742e-01 8.792188987156726032e-01 6.862424064898096920e-02 5.707383288315013292e-01 2.951949878042285924e-01
7.741075476427795365e+00 -1.060420302520344116e+01 4.858523517500551447e-01 8.794210583601793640e-01 6.890512871931558925e-02 5.707383123141377412e-01 2.951949017477985548e-01
7.742241101906984113e+00 -9.917087250229450035e+00 4.838514907775331442e-01 8.796924851259158018e-01 6.929159707194168516e-02 5.707382904054836281e-01 2.951947876510215285e-01
7.743406727386172861e+00 -9.230942273166741430e+00 4.817787549527270952e-01 8.799678921199444170e-01 6.969475284685221206e-02 5.707382684792288163e-01 2.951946735146055989e-01
7.744572352865361609e+00 -8.547173864020322753e+00 4.796335181553593174e-01 8.802472807857832926e-01 7.011514853284279980e-02 5.707382465365655744e-01 2.951945593412643731e-01
7.745737978344550356e+00 -7.867116275276222481e+00 4.774154586598149952e-01 8.805306429516324140e-01 7.055331160763271547e-02 5.707382245786336572e-01 2.951944451335876685e-01
7.746680332158575766e+00 -7.320887878891150002e+00 4.755690077021231255e-01 8.807626210882135709e-01 7.092087721606156470e-02 5.707382068162519806e-01 2.951943527785964583e-01
7.747622685972601175e+00 -6.778505388988309122e+00 4.736750884018441354e-01 8.809971715033748652e-01 7.130063209521930734e-02 5.707381890451446171e-01 2.951942604040071472e-01
7.748565039786626585e+00 -6.240526131100734730e+00 4.717339731946920689e-01 8.812342770542147541e-01 7.169281213399746056e-02 5.707381712658302630e-01 2.951941680109944621e-01
7.749507393600651994e+00 -5.707456695558748017e+00 4.697460615816572704e-01 8.814739171867815859e-01 7.209763912698413657e-02 5.707381534788020794e-01 2.951940756006736222e-01
7.750449747414677404e+00 -5.179752392666263638e+00 4.677118756516748244e-01 8.817160681563291913e-01 7.251532042581809723e-02 5.707381356845271370e-01 2.951939831741005604e-01
7.751392101228702813e+00 -4.657817960984750982e+00 4.656320544552098872e-01 8.819607032598999474e-01 7.294604872823323705e-02 5.707381178834471935e-01 2.951938907322727568e-01
7.752334455042728223e+00 -4.142009231995148255e+00 4.635073475565905654e-01 8.822077930710761073e-01 7.339000197190272134e-02 5.707381000759788048e-01 2.951937982761306256e-01
7.753276808856753632e+00 -3.632635542249091909e+00 4.613386079320060951e-01 8.824573056726819908e-01 7.384734331873710200e-02 5.707380822625141015e-01 2.951937058065589592e-01
7.754219162670779042e+00 -3.129962676927624088e+00 4.591267843968054874e-01 8.827092068831791094e-01 7.431822121204291476e-02 5.707380644434221217e-01 2.951936133243890925e-01
7.755161516484804451e+00 -2.634216150288398950e+00 4.568729137254726735e-01 8.829634604736633641e-01 7.480276949116705654e-02 5.707380466190489221e-01 2.951935208304008462e-01
7.756103870298829861e+00 -2.145584655936801255e+00 4.545781126084463830e-01 8.832200283732839496e-01 7.530110755013011414e-02 5.707380287897190208e-01 2.951934283253251357e-01
7.757046224112855271e+00 -1.664223550590974376e+00 4.522435695697141211e-01 8.834788708617189457e-01 7.581334052889390773e-02 5.707380109557365078e-01 2.951933358098460802e-01
7.758538178313756362e+00 -9.172866020901828676e-01 4.484692828813914844e-01 8.838932259235754429e-01 7.665294983403062035e-02 5.707379827117775584e-01 2.951931893176853450e-01
7.758728439453989267e+00 -8.233861137700112520e-01 4.479812969736210460e-01 8.839464603266183884e-01 7.676255669666184889e-02 5.707379791092392907e-01 2.951931706346655471e-01
7.758918700594222173e+00 -7.297936803768987346e-01 4.474918385530595177e-01 8.839997826485308519e-01 7.687273895942625668e-02 5.707379755065418170e-01 2.951931519512902558e-01
7.759108961734455079e+00 -6.365098515441796057e-01 4.470009189263735583e-01 8.840531925268013680e-01 7.698349710376287125e-02 5.707379719036872467e-01 2.951931332675640229e-01
7.759299222874687985e+00 -5.435351391509160024e-01 4.465085494718218362e-01 8.841066895969201811e-01 7.709483158926415391e-02 5.707379683006774673e-01 2.951931145834912340e-01
7.759489484014920890e+00 -4.508700224819192637e-01 4.460147416321916247e-01 8.841602734928345475e-01 7.720674285338507969e-02 5.707379646975144771e-01 2.951930958990762743e-01
7.759679745155153796e+00 -3.585149479482270807e-01 4.455195069137123376e-01 8.842139438468773482e-01 7.731923131161912155e-02 5.707379610942001635e-01 2.951930772143234183e-01
7.760060267421067692e+00 -1.747365524451767738e-01 4.445248031672519029e-01 8.843215424509360822e-01 7.754594136306931784e-02 5.707379538871250046e-01 2.951930398438209480e-01
7.760440789686981589e+00 7.797098186373077264e-03 4.435245314580164022e-01 8.844294824373635233e-01 7.777496463141569949e-02 5.707379466794668676e-01 2.951930024720170187e-01
7.760821311952895485e+00 1.890835248307443095e-01 4.425187858744780156e-01 8.845377608114669554e-01 7.800630365839061886e-02 5.707379394712401854e-01 2.951929650989439935e-01
7.761201834218809381e+00 3.691206931904616462e-01 4.415076612954808022e-01 8.846463745568402537e-01 7.823996064239047143e-02 5.707379322624588358e-01 2.951929277246333472e-01
7.761582356484723277e+00 5.479069896251939076e-01 4.404912533192728574e-01 8.847553206365641465e-01 7.847593744121263148e-02 5.707379250531364745e-01 2.951928903491156109e-01
7.761962878750637174e+00 7.254411980636140678e-01 4.394696581941376912e-01 8.848645959943609585e-01 7.871423557479714783e-02 5.707379178432864242e-01 2.951928529724205941e-01
7.763090063788695261e+00 1.243979667948949874e+00 4.364139857263631406e-01 8.851901944447611026e-01 7.943375605322129662e-02 5.707378964832577894e-01 2.951927422483498487e-01
7.764217248826753348e+00 1.751521546325107259e+00 4.333161905941061431e-01 8.855185743753459793e-01 8.017366778166439001e-02 5.707378751190270716e-01 2.951926315149108193e-01
7.765344433864811435e+00 2.248085291885954184e+00 4.301788386097205041e-01 8.858496539388371893e-01 8.093395961889029988e-02 5.707378537508870364e-01 2.951925207727605360e-01
7.766471618902869523e+00 2.733708647224904809e+00 4.270045079821439549e-01 8.861833503916215493e-01 8.171459609241124578e-02 5.707378323791075792e-01 2.951924100225045144e-01
7.767598803940927610e+00 3.208445430575954660e+00 4.237957772583844096e-01 8.865195802759228139e-01 8.251551803092616044e-02 5.707378110039378338e-01 2.951922992647012522e-01
7.768725988978985697e+00 3.672362819493819153e+00 4.205552144011233118e-01 8.868582595832005255e-01 8.333664320149535010e-02 5.707377896256075056e-01 2.951921884998659484e-01
7.769853174017043784e+00 4.125539039939696728e+00 4.172853669398188248e-01 8.871993039020099614e-01 8.417786695233231420e-02 5.707377682443288691e-01 2.951920777284742781e-01
7.771697736476198770e+00 4.844192337795287351e+00 4.118778793493002022e-01 8.877622802290514592e-01 8.559748974060724103e-02 5.707377332494515398e-01 2.951918964455376715e-01
7.773542298935353756e+00 5.534741538726727583e+00 4.064095095688229353e-01 8.883309912870355207e-01 8.706991355698671942e-02 5.707376982479738237e-01 2.951917151479455104e-01
7.775386861394508742e+00 6.197648115521627865e+00 4.008907266003813863e-01 8.889050655280643642e-01 8.859432010076319364e-02 5.707376632405793959e-01 2.951915338372284592e-01
7.777231423853663728e+00 6.833400052012304826e+00 3.953315986757520717e-01 8.894841326947662274e-01 9.016975550386328864e-02 5.707376282278712187e-01 2.951913525147370487e-01
7.779075986312818713e+00 7.442502903084718291e+00 3.897417477631009985e-01 8.900678247828872625e-01 9.179513847510697988e-02 5.707375932103829763e-01 2.951911711816656569e-01
7.780920548771973699e+00 8.025472952085049627e+00 3.841303170696835911e-01 8.906557768886861348e-01 9.346926856457013488e-02 5.707375581885875127e-01 2.951909898390726594e-01
7.782765111231128685e+00 8.582832010366313824e+00 3.785059498157886115e-01 8.912476279562169257e-01 9.519083451734995649e-02 5.707375231629050472e-01 2.951908084878981930e-01
7.784609673690283671e+00 9.115103438242899259e+00 3.728767775837198983e-01 8.918430214392758515e-01 9.695842268183890722e-02 5.707374881337096140e-01 2.951906271289791439e-01
7.787193199692410417e+00 9.819429149157480552e+00 3.649988001977638175e-01 8.926822265452328820e-01 9.950861886687073499e-02 5.707374390659377683e-01 2.951903731029368871e-01
7.789776725694537163e+00 1.047698289244603309e+01 3.571455002059768513e-01 8.935267455133741876e-01 1.021417079106695797e-01 5.707373899927279393e-01 2.951901190649526274e-01
7.792360251696663909e+00 1.108916103448752644e+01 3.493342013626354325e-01 8.943756555060217162e-01 1.048529857917029628e-01 5.707373409147711296e-01 2.951898650165715177e-01
7.794943777698790655e+00 1.165733007563945378e+01 3.415803863894364967e-01 8.952280596983568373e-01 1.076375073652332814e-01 5.707372918326640843e-01 2.951896109591274353e-01
7.797527303700917400e+00 1.218282262676560102e+01 3.338977948539840757e-01 8.960830889455412285e-01 1.104901287132032672e-01 5.707372427469245002e-01 2.951893568937776213e-01
7.800110829703044146e+00 1.266693498247331817e+01 3.262985332854053677e-01 8.969399031379927667e-01 1.134055478714742632e-01 5.707371936580037941e-01 2.951891028215308799e-01
7.802694355705170892e+00 1.311092588488147470e+01 3.187931916873885663e-01 8.977976922780975810e-01 1.163783436843157659e-01 5.707371445662974274e-01 2.951888487432711705e-01
7.805277881707297638e+00 1.351601617137480105e+01 3.113909620026851788e-01 8.986556773088391070e-01 1.194030126010175302e-01 5.707370954721538991e-01 2.951885946597769816e-01
7.809220700451987796e+00 1.406192439541418437e+01 3.003104671523262326e-01 8.999637748777681301e-01 1.241064850927365015e-01 5.707370205436772537e-01 2.951882068845989027e-01
7.813163519196677953e+00 1.452401759083235433e+01 2.895112611190503449e-01 9.012680826350070173e-01 1.288980751073562636e-01 5.707369456111848205e-01 2.951878191009394969e-01
7.817106337941368110e+00 1.490614835378024239e+01 2.790108925135396101e-01 9.025662620841223838e-01 1.337581724688578222e-01 5.707368706754835097e-01 2.951874313106013226e-01
7.821049156686058268e+00 1.521199236487010253e+01 2.688222521950586752e-01 9.038561492970645928e-01 1.386675368047451951e-01 5.707367957372679879e-01 2.951870435151359717e-01
7.824991975430748425e+00 1.544506206411945826e+01 2.589542854247040005e-01 9.051357531517043586e-01 1.436074819143900450e-01 5.707367207971452139e-01 2.951866557158990823e-01
7.828934794175438583e+00 1.560872058757880687e+01 2.494126170781917062e-01 9.064032522972983452e-01 1.485600321061193163e-01 5.707366458556540900e-01 2.951862679140940804e-01
7.832877612920128740e+00 1.570619530654156826e+01 2.402000947933541353e-01 9.076569910735278190e-01 1.535080518970236285e-01 5.707365709132810050e-01 2.951858801108072639e-01
