0.000000000000000000e+00 3.040116121312981079e+01 2.791565922261841637e-01 8.619508216088401786e-01 1.957942579767160685e-01 6.316846460678362529e-01 3.562756128896139574e-01
4.099736950593069196e-03 3.039817968413527893e+01 2.663359215684085735e-01 8.644961106847031118e-01 2.052685440671535300e-01 6.316845597593334638e-01 3.562751260473037140e-01
8.199473901186138391e-03 3.029001249574887922e+01 2.541091524401468127e-01 8.669918870532441479e-01 2.145924199988731296e-01 6.316844734509337034e-01 3.562746392058625533e-01
1.229921085177920759e-02 3.008396462976433483e+01 2.424569072047372542e-01 8.694346781229759236e-01 2.237292602388273322e-01 6.316843871428047263e-01 3.562741523656645093e-01
1.639894780237227678e-02 2.978678928699711292e+01 2.313592741291605748e-01 8.718216455163817491e-01 2.326474469134848233e-01 6.316843008351100686e-01 3.562736655270749009e-01
2.049868475296534598e-02 2.940477128293838405e+01 2.207961463913498401e-01 8.741505268777385318e-01 2.413201223857025790e-01 6.316842145280143761e-01 3.562731786904608233e-01
2.459842170355841517e-02 2.894379474098225558e+01 2.107474736201771504e-01 8.764195810407885423e-01 2.497249112073152422e-01 6.316841282216871800e-01 3.562726918562008627e-01
2.869815865415148437e-02 2.840939772485134185e+01 2.011934467142570127e-01 8.786275365183308095e-01 2.578436222519101539e-01 6.316840419163071152e-01 3.562722050246936445e-01
3.279789560474455357e-02 2.780681608972338026e+01 1.921146320896750526e-01 8.807735432414275367e-01 2.656619395633513236e-01 6.316839556120655841e-01 3.562717181963664381e-01
3.816303444909863174e-02 2.692349096231801298e+01 1.809199396562516104e-01 8.834875980751867308e-01 2.754221412739460417e-01 6.316838426717084065e-01 3.562710811119122467e-01
4.352817329345270991e-02 2.594240450653445862e+01 1.704655704144556194e-01 8.860945710430914168e-01 2.846339864248124130e-01 6.316837297341804103e-01 3.562704440348668511e-01
4.889331213780678809e-02 2.487345975476850057e+01 1.607121466255841402e-01 8.885950828876195695e-01 2.932900053549069574e-01 6.316836168000788954e-01 3.562698069665632961e-01
5.425845098216086626e-02 2.372599782684491387e+01 1.516220718129855094e-01 8.909904536288888455e-01 3.013899474180913307e-01 6.316835038700947536e-01 3.562691699085440700e-01
5.962358982651494443e-02 2.250884210713504530e+01 1.431595314772317606e-01 8.932825820695882157e-01 3.089397060687281704e-01 6.316833909450324525e-01 3.562685328626050696e-01
6.498872867086902261e-02 2.123033098952319264e+01 1.352904468469893762e-01 8.954738380762199412e-01 3.159503124121438300e-01 6.316832780258320179e-01 3.562678958308452826e-01
7.035386751522310078e-02 1.989834255320146283e+01 1.279823940321318521e-01 8.975669668828946124e-01 3.224370037681922319e-01 6.316831651135943471e-01 3.562672588157227427e-01
7.571900635957717896e-02 1.852031369514574521e+01 1.212044987821142006e-01 8.995650046346251871e-01 3.284183712750735618e-01 6.316830522096091860e-01 3.562666218201179236e-01
8.225458991364575922e-02 1.678958364236879675e+01 1.136216450378319531e-01 9.018751853249904471e-01 3.350527530416485544e-01 6.316829146881436374e-01 3.562658458905161307e-01
8.879017346771433949e-02 1.501276006901679771e+01 1.067312294616193508e-01 9.040552696867847349e-01 3.410107455795224896e-01 6.316827771844357731e-01 3.562650700021892103e-01
9.532575702178291976e-02 1.320080754723044336e+01 1.004851186448901534e-01 9.061116219071237987e-01 3.463368473177329543e-01 6.316826397024145612e-01 3.562642941639169170e-01
1.018613405758515000e-01 1.136382943800218115e+01 9.483737564597084779e-02 9.080506752956033489e-01 3.510767600680007039e-01 6.316825022468057771e-01 3.562635183862632449e-01
1.083969241299200803e-01 9.511081650704539925e+00 8.974398988244743081e-02 9.098788332943251733e-01 3.552762633779210644e-01 6.316823648232686716e-01 3.562627426818833487e-01
1.149325076839886606e-01 7.650975897210867238e+00 8.516267766356823421e-02 9.116023897730801684e-01 3.589803082693475700e-01 6.316822274385458513e-01 3.562619670658628834e-01
1.214680912380572408e-01 5.791067596995111089e+00 8.105276695158013245e-02 9.132274656527141765e-01 3.622323093252372561e-01 6.316820901006277023e-01 3.562611915560893183e-01
1.280036747921258211e-01 3.938022102687449344e+00 7.737517098923017700e-02 9.147599590238949530e-01 3.650736122099677572e-01 6.316819528189296928e-01 3.562604161736552255e-01
1.345392583461944014e-01 2.097552215769105999e+00 7.409244530769579229e-02 9.162055060501433923e-01 3.675431125805071475e-01 6.316818156044843313e-01 3.562596409432974842e-01
1.390448710299097002e-01 8.385416437568917747e-01 7.204058812205220430e-02 9.171542324535729707e-01 3.690480747088569213e-01 6.316817210550327300e-01 3.562591066051420396e-01
1.435504837136249989e-01 -4.110423065240507157e-01 7.014824226216391512e-02 9.180658459389658965e-01 3.704046639159400134e-01 6.316816265483873316e-01 3.562585723636103041e-01
1.442304276133654639e-01 -5.987376086805206166e-01 6.987584757788736778e-02 9.182002948801679665e-01 3.705971595712244104e-01 6.316816122903888830e-01 3.562584917501106507e-01
1.449103715131059289e-01 -7.861941194305520630e-01 6.960680531328465592e-02 9.183339402470065416e-01 3.707865491088242482e-01 6.316815980335037661e-01 3.562584111391228769e-01
1.455903154128463939e-01 -9.734094380567626104e-01 6.934107993496245459e-02 9.184667873067399180e-01 3.709728666754619208e-01 6.316815837777514098e-01 3.562583305306907810e-01
1.462702593125868589e-01 -1.160381322896714806e+00 6.907863616082239588e-02 9.185988412859383834e-01 3.711561460758288078e-01 6.316815695231516870e-01 3.562582499248589940e-01
1.469502032123273239e-01 -1.347107701177092887e+00 6.881943897745471106e-02 9.187301073699809528e-01 3.713364207718757304e-01 6.316815552697246927e-01 3.562581693216727019e-01
1.476301471120677888e-01 -1.533586667070675702e+00 6.856345363591062614e-02 9.188605907029732123e-01 3.715137238835263811e-01 6.316815410174907441e-01 3.562580887211778680e-01
1.483100910118082538e-01 -1.719816483967605558e+00 6.831064565528817412e-02 9.189902963875264952e-01 3.716880881890415322e-01 6.316815267664706024e-01 3.562580081234210660e-01
1.496699788112891838e-01 -2.091522577750733802e+00 6.781442520438230037e-02 9.192473950131562210e-01 3.720281297895225436e-01 6.316814982681561164e-01 3.562578469363117395e-01
1.510298666107701138e-01 -2.462215519851595147e+00 6.733050720874207695e-02 9.195014432307631047e-01 3.723568009875098395e-01 6.316814697749532082e-01 3.562576857607322456e-01
1.523897544102510437e-01 -2.831887627601461066e+00 6.685862565883499142e-02 9.197524803486153422e-01 3.726743517715149778e-01 6.316814412870390694e-01 3.562575245970820426e-01
1.537496422097319737e-01 -3.200534024582262216e+00 6.639851900589209543e-02 9.200005449939211433e-01 3.729810267319724759e-01 6.316814128045964427e-01 3.562573634457729121e-01
1.551095300092129037e-01 -3.568152657911296100e+00 6.594993021157161128e-02 9.202456751077301433e-01 3.732770650937218826e-01 6.316813843278135110e-01 3.562572023072294591e-01
1.564694178086938336e-01 -3.934744305386967955e+00 6.551260679256742936e-02 9.204879079402021880e-01 3.735627007533078858e-01 6.316813558568842302e-01 3.562570411818894445e-01
1.578293056081747636e-01 -4.300312571388531957e+00 6.508630085979816293e-02 9.207272800462752427e-01 3.738381623210405014e-01 6.316813273920086624e-01 3.562568800702042848e-01
1.616964051499962807e-01 -5.334350405317861643e+00 6.393210335250425203e-02 9.213926594225190225e-01 3.745678368294870775e-01 6.316812464816516925e-01 3.562564219972873536e-01
1.655635046918177977e-01 -6.360446079894565230e+00 6.285966712873616857e-02 9.220359852949319146e-01 3.752219289858043649e-01 6.316811656269781805e-01 3.562559640500020386e-01
1.694306042336393148e-01 -7.379037919906713761e+00 6.186391135107408706e-02 9.226580047062813428e-01 3.758050207349757366e-01 6.316810848334846185e-01 3.562555062407909423e-01
1.732977037754608318e-01 -8.390715435835268465e+00 6.094006102195301255e-02 9.232594182770259561e-01 3.763213798308583935e-01 6.316810041071847515e-01 3.562550485832872704e-01
1.771648033172823489e-01 -9.396192800791896005e+00 6.008364256007874687e-02 9.238408805078667241e-01 3.767749755179045090e-01 6.316809234546691965e-01 3.562545910924577175e-01
1.810319028591038659e-01 -1.039627562949716122e+01 5.929047590606879164e-02 9.244030005182189980e-01 3.771694960905345728e-01 6.316808428831751643e-01 3.562541337847653367e-01
1.848990024009253830e-01 -1.139182323365436034e+01 5.855666355994335048e-02 9.249463432316561429e-01 3.775083679545409576e-01 6.316807624006626209e-01 3.562536766783536701e-01
1.887661019427469000e-01 -1.238370906004763583e+01 5.787857711444955450e-02 9.254714309856236776e-01 3.777947756878930474e-01 6.316806820158998859e-01 3.562532197932510303e-01
1.935092797357356176e-01 -1.359654573264432287e+01 5.711802922938678806e-02 9.260912530212174198e-01 3.780787641515215292e-01 6.316805835680007197e-01 3.562526597372795423e-01
1.982524575287243351e-01 -1.480658656757008984e+01 5.643051151806120769e-02 9.266851450073066987e-01 3.782933295368504090e-01 6.316804853016931842e-01 3.562521000934529836e-01
2.029956353217130527e-01 -1.601506219027196920e+01 5.581077226169054578e-02 9.272538377226235973e-01 3.784431303328388285e-01 6.316803872394690655e-01 3.562515409135979527e-01
2.077388131147017702e-01 -1.722294274237185974e+01 5.525400640324662493e-02 9.277979889892421506e-01 3.785324735093181237e-01 6.316802894067070628e-01 3.562509822564270401e-01
2.124819909076904878e-01 -1.843091119138220435e+01 5.475581433481372523e-02 9.283181904157961073e-01 3.785653583512056941e-01 6.316801918320115172e-01 3.562504241884141276e-01
2.172251687006792054e-01 -1.963935832020161243e+01 5.431216522833851035e-02 9.288149735921128469e-01 3.785455139238397826e-01 6.316800945475677942e-01 3.562498667847382450e-01
2.219683464936679229e-01 -2.084839387953812917e+01 5.391936530112568376e-02 9.292888155400761407e-01 3.784764301736190939e-01 6.316799975895102115e-01 3.562493101302944831e-01
2.267115242866566405e-01 -2.205786790964280186e+01 5.357403081469892109e-02 9.297401433462395559e-01 3.783613831530434624e-01 6.316799009983000701e-01 3.562487543207724650e-01
2.334393494529649615e-01 -2.377337208932708990e+01 5.315961555899958307e-02 9.303424365648610417e-01 3.781253505098327583e-01 6.316797647097674995e-01 3.562479676108018523e-01
2.401671746192732826e-01 -2.548716715292819046e+01 5.282658740476225273e-02 9.309011332091703395e-01 3.778112063268105336e-01 6.316796293977363641e-01 3.562471831728580285e-01
2.457291380414972082e-01 -2.690095012518551343e+01 5.260776124559959216e-02 9.313306548107932459e-01 3.774979027685364530e-01 6.316795183908912037e-01 3.562465366776567666e-01
2.512911014637211338e-01 -2.831020624547702269e+01 5.243635811894069298e-02 9.317312804971965567e-01 3.771403265232596280e-01 6.316794082747820838e-01 3.562458922850737508e-01
2.568530648859450594e-01 -2.971304950730190342e+01 5.230932886128869530e-02 9.321033081538953047e-01 3.767421619668138155e-01 6.316792991693394033e-01 3.562452502977306312e-01
2.624150283081689849e-01 -3.110744050799766924e+01 5.222399334815584770e-02 9.324469730557881642e-01 3.763068423801002038e-01 6.316791912065727876e-01 3.562446110551698575e-01
2.679769917303929105e-01 -3.249123678412458105e+01 5.217801423711317804e-02 9.327624510328381691e-01 3.758375614807711873e-01 6.316790845305342295e-01 3.562439749361874242e-01
2.735389551526168361e-01 -3.386224596306762891e+01 5.216937095797974377e-02 9.330498617614929602e-01 3.753372840779422015e-01 6.316789792969239592e-01 3.562433423607717642e-01
2.791009185748407617e-01 -3.521827926890917837e+01 5.219633401001834427e-02 9.333092721231415201e-01 3.748087561366161280e-01 6.316788756722949705e-01 3.562427137915459840e-01
2.846628819970646873e-01 -3.655720408347005446e+01 5.225743944556151405e-02 9.335406997411302976e-01 3.742545146857260696e-01 6.316787738328211166e-01 3.562420897345996429e-01
2.919192198023665696e-01 -3.827495392563675125e+01 5.238648936381216231e-02 9.338005089177735529e-01 3.734966225407908569e-01 6.316786439587722679e-01 3.562412832667308793e-01
2.991755576076684520e-01 -3.995603802836370022e+01 5.256941683135420151e-02 9.340124703317693733e-01 3.727036370526093378e-01 6.316785178599337858e-01 3.562404867490590599e-01
3.064318954129703343e-01 -4.159689759964503963e+01 5.280458321463091242e-02 9.341763108283717143e-01 3.718797624183621808e-01 6.316783959662155556e-01 3.562397016299494457e-01
3.136882332182722166e-01 -4.319460197644612975e+01 5.309080083670432437e-02 9.342916668451725082e-01 3.710287348937117424e-01 6.316782787036075986e-01 3.562389294661375549e-01
3.209445710235740989e-01 -4.474687750537173514e+01 5.342725459653065168e-02 9.343581000607876774e-01 3.701538635534016852e-01 6.316781664823697406e-01 3.562381719089072196e-01
3.282009088288759813e-01 -4.625209411694368811e+01 5.381343072311221831e-02 9.343751130711452912e-01 3.692580709227457070e-01 6.316780596852240581e-01 3.562374306867118201e-01
3.354572466341778636e-01 -4.770921957459640339e+01 5.424905315596211669e-02 9.343421649013888830e-01 3.683439326488394672e-01 6.316779586563447957e-01 3.562367075847250319e-01
3.427135844394797459e-01 -4.911775282272547827e+01 5.473402762932626231e-02 9.342586861847552715e-01 3.674137154463908428e-01 6.316778636918678469e-01 3.562360044219282651e-01
3.538350365124642849e-01 -5.118224560912932475e+01 5.557322816095224688e-02 9.340313376619924224e-01 3.659612898038996920e-01 6.316777304460458042e-01 3.562349695894978518e-01
3.630142280890140682e-01 -5.280118318875918249e+01 5.635364352812233940e-02 9.337517688624323853e-01 3.647419191679989181e-01 6.316776320435912861e-01 3.562341585964345358e-01
3.721934196655638516e-01 -5.434491288386685426e+01 5.721387826220773742e-02 9.333878700945390516e-01 3.635070234056748117e-01 6.316775442811053409e-01 3.562333903407389202e-01
3.813726112421136349e-01 -5.581551065508973863e+01 5.815437233494014091e-02 9.329386129359553692e-01 3.622590510659425833e-01 6.316774671582576772e-01 3.562326680924489675e-01
3.905518028186634183e-01 -5.721537464252960348e+01 5.917552081208220932e-02 9.324030919313305299e-01 3.610000956643666381e-01 6.316774005338562370e-01 3.562319948290333382e-01
3.997309943952132016e-01 -5.854710435239526589e+01 6.027762379042918978e-02 9.317805534679359791e-01 3.597319529617731826e-01 6.316773441453891191e-01 3.562313731756773794e-01
4.089101859717629850e-01 -5.981340867760213342e+01 6.146084917903394534e-02 9.310704195979226938e-01 3.584561689798297923e-01 6.316772976315475630e-01 3.562308053592579959e-01
4.180893775483127683e-01 -6.101703946271648249e+01 6.272520618703107675e-02 9.302723070226052160e-01 3.571740799168016123e-01 6.316772605556737474e-01 3.562302931771190173e-01
4.272685691248625517e-01 -6.216074393314862334e+01 6.407052760349543630e-02 9.293860412867200882e-01 3.558868452815787120e-01 6.316772324282428075e-01 3.562298379810449611e-01
4.404290714883245528e-01 -6.370135656416589143e+01 6.613986517771762441e-02 9.279617124087673474e-01 3.540343078069935756e-01 6.316772066668622232e-01 3.562292864849392338e-01
4.535895738517865539e-01 -6.513209950786131230e+01 6.837314012116091355e-02 9.263572404760982426e-01 3.521757856534834530e-01 6.316771966416087070e-01 3.562288550324858027e-01
4.667500762152485549e-01 -6.646039211195731866e+01 7.076782391412510254e-02 9.245745041337152248e-01 3.503133909836707027e-01 6.316772007853252990e-01 3.562285430626151994e-01
4.799105785787105560e-01 -6.769327332977510991e+01 7.332062630757234245e-02 9.226163024179606653e-01 3.484488946573007784e-01 6.316772176017525497e-01 3.562283485445835174e-01
4.930710809421725571e-01 -6.883738357019170451e+01 7.602755417039436248e-02 9.204863055162476604e-01 3.465837920680732154e-01 6.316772456993807738e-01 3.562282682292081670e-01
5.062315833056345582e-01 -6.989896218188771115e+01 7.888398476617142219e-02 9.181889871602871844e-01 3.447193543772008040e-01 6.316772838085094044e-01 3.562282979109907544e-01
5.193920856690965593e-01 -7.088385436075428458e+01 8.188474764904607461e-02 9.157295437377381830e-01 3.428566686710597389e-01 6.316773307864403941e-01 3.562284326807493295e-01
5.325525880325585604e-01 -7.179752361802582072e+01 8.502421048118957714e-02 9.131138048580523803e-01 3.409966696881711057e-01 6.316773856148676369e-01 3.562286671548969830e-01
5.495505670551210642e-01 -7.288044291917117334e+01 8.927458108215612087e-02 9.095144357320221751e-01 3.385995873085910768e-01 6.316774665981529369e-01 3.562291083463710040e-01
5.665485460776835680e-01 -7.386314802834692728e+01 9.373264463645468447e-02 9.056797855859571866e-01 3.362098068925193362e-01 6.316775575035743495e-01 3.562296939882659830e-01
5.835465251002460718e-01 -7.475486355195123167e+01 9.838423149268211987e-02 9.016255458536756029e-01 3.338285701259955385e-01 6.316776569103959016e-01 3.562304117854225849e-01
6.005445041228085756e-01 -7.556397564593868310e+01 1.032148932581225392e-01 8.973680021330874279e-01 3.314569222838251727e-01 6.316777636199559787e-01 3.562312498872308719e-01
6.175424831453710794e-01 -7.629809700486742940e+01 1.082101239786119468e-01 8.929237523933988285e-01 3.290957468187836743e-01 6.316778766209005802e-01 3.562321970896191736e-01
6.345404621679335833e-01 -7.696412946075550110e+01 1.133555474517954909e-01 8.883094594276764733e-01 3.267457926921415456e-01 6.316779950587290138e-01 3.562332429492440777e-01
6.515384411904960871e-01 -7.756832366987346461e+01 1.186370713721456860e-01 8.835416394376557347e-01 3.244076961776191648e-01 6.316781182097486180e-01 3.562343778336536926e-01
6.685364202130585909e-01 -7.811633549113486197e+01 1.240410101520563746e-01 8.786364867163034553e-01 3.220819984576738793e-01 6.316782454591785001e-01 3.562355929265974552e-01
6.901104263379238546e-01 -7.873894447860342893e+01 1.310553969069775393e-01 8.722376786760469569e-01 3.191487694690798849e-01 6.316784120530926083e-01 3.562372381264231613e-01
7.116844324627891183e-01 -7.928857448567534050e+01 1.382201715549823406e-01 8.656737453400666915e-01 3.162370341424324827e-01 6.316785835109448577e-01 3.562389849848655032e-01
7.332584385876543820e-01 -7.977342242413256201e+01 1.455113402551548307e-01 8.589737586950307868e-01 3.133474289633708665e-01 6.316787590894388238e-01 3.562408205857081622e-01
7.548324447125196457e-01 -8.020068924502199081e+01 1.529066093370211599e-01 8.521648935520442780e-01 3.104804675307823447e-01 6.316789381707029749e-01 3.562427335908198711e-01
7.764064508373849094e-01 -8.057670038675725266e+01 1.603854049593279041e-01 8.452723468489902192e-01 3.076365608629441639e-01 6.316791202376801362e-01 3.562447140545452196e-01
7.979804569622501731e-01 -8.090701314737108873e+01 1.679288498334886026e-01 8.383193193335904958e-01 3.048160338308802397e-01 6.316793048548224876e-01 3.562467532485830701e-01
8.195544630871154368e-01 -8.119651191502612164e+01 1.755197091851396496e-01 8.313270442317514108e-01 3.020191386256603217e-01 6.316794916528597481e-01 3.562488435032119538e-01
8.455122442974243313e-01 -8.149678089716014995e+01 1.846937888095068203e-01 8.228891609700681453e-01 2.986855109810238607e-01 6.316797188557596865e-01 3.562514166719166764e-01
8.714700255077332258e-01 -8.175066230856707250e+01 1.938894361869049066e-01 8.144525417970465142e-01 2.953866010192008895e-01 6.316799482974391200e-01 3.562540437693653139e-01
8.974278067180421203e-01 -8.196374511252095374e+01 2.030850360741843774e-01 8.060438336297005568e-01 2.921225511848611900e-01 6.316801795876715309e-01 3.562567159367324154e-01
9.233855879283510149e-01 -8.214083760371654819e+01 2.122615785069682792e-01 7.976864145624558144e-01 2.888934286538913931e-01 6.316804123961540229e-01 3.562594254914023262e-01
9.493433691386599094e-01 -8.228608453598774020e+01 2.214024126663471370e-01 7.894006812857697897e-01 2.856992380137308718e-01 6.316806464410059663e-01 3.562621657406596087e-01
9.753011503489688039e-01 -8.240306637656156852e+01 2.304930112635358852e-01 7.812043317814237886e-01 2.825399316626124868e-01 6.316808814797498783e-01 3.562649308269314474e-01
1.001258931559277698e+00 -8.249488331948151654e+01 2.395207495384056307e-01 7.731126358798147136e-01 2.794154183695550797e-01 6.316811173022039982e-01 3.562677155991618161e-01
1.027216712769586593e+00 -8.256422635328792126e+01 2.484747010354014518e-01 7.651386892989309185e-01 2.763255703636149363e-01 6.316813537248302524e-01 3.562705155058552564e-01
1.067156263598008081e+00 -8.263232909577163809e+01 2.620861904930459341e-01 7.531248224561079008e-01 2.716387508905943604e-01 6.316817182990647206e-01 3.562748439265556732e-01
1.107095814426429570e+00 -8.265989566157337265e+01 2.754728007677065271e-01 7.414485670305895892e-01 2.670329252240492557e-01 6.316820834105737470e-01 3.562791859486197366e-01
1.147035365254851058e+00 -8.265280641076489587e+01 2.886125377324497698e-01 7.301347727865461490e-01 2.625072918226125096e-01 6.316824486327132782e-01 3.562835307390069817e-01
1.186974916083272547e+00 -8.261589413672680848e+01 3.014886119351203875e-01 7.192016243811736320e-01 2.580609647607775559e-01 6.316828136005278038e-01 3.562878690174891561e-01
1.226914466911694035e+00 -8.255315904794812809e+01 3.140885426152393300e-01 7.086618115458001022e-01 2.536929941900936680e-01 6.316831779972925665e-01 3.562921927543437617e-01
1.266854017740115523e+00 -8.246793622011132641e+01 3.264034117191062512e-01 6.985235077194232867e-01 2.494023823006346063e-01 6.316835415443784463e-01 3.562964949365192702e-01
1.306793568568537012e+00 -8.236302651567365274e+01 3.384272437177857085e-01 6.887911857334909627e-01 2.451880958646763253e-01 6.316839039935292499e-01 3.563007693854419733e-01
1.346733119396958500e+00 -8.224079934232541689e+01 3.501564905544481410e-01 6.794662956591633884e-01 2.410490761519373248e-01 6.316842651209196857e-01 3.563050106141926188e-01
1.386672670225379989e+00 -8.210327365757265738e+01 3.615896035445820278e-01 6.705478276518161973e-01 2.369842468151785175e-01 6.316846247225406108e-01 3.563092137147936267e-01
1.426612221053801477e+00 -8.195218210346052956e+01 3.727266772184540944e-01 6.620327789644888661e-01 2.329925201929244349e-01 6.316849826105864762e-01 3.563133742687437655e-01
1.466551771882222965e+00 -8.178902201729495403e+01 3.835691525492051501e-01 6.539165414449821245e-01 2.290728023708686611e-01 6.316853386106066059e-01 3.563174882755925088e-01
1.520623023636289872e+00 -8.155119667382345483e+01 3.977832645674884149e-01 6.435533385465043166e-01 2.238789636579397446e-01 6.316858172753865297e-01 3.563229773320094607e-01
1.574694275390356779e+00 -8.129639275138275423e+01 4.114710058027059025e-01 6.338926936238057364e-01 2.188123822494630888e-01 6.316862918024972462e-01 3.563283663107185140e-01
1.628765527144423686e+00 -8.102695419331061544e+01 4.246434334684665024e-01 6.249146757625099191e-01 2.138703583893931948e-01 6.316867618379596871e-01 3.563336479736846640e-01
1.682836778898490593e+00 -8.074488295073614097e+01 4.373132397704623808e-01 6.165976602465234047e-01 2.090502165974492399e-01 6.316872270480210494e-01 3.563388158515131132e-01
1.736908030652557500e+00 -8.045190580659885882e+01 4.494942725997309041e-01 6.089189202789717648e-01 2.043493124183252407e-01 6.316876871155941986e-01 3.563438641470632051e-01
1.790979282406624407e+00 -8.014952569606893462e+01 4.612011561494614997e-01 6.018550855093671714e-01 1.997650375133355749e-01 6.316881417375872498e-01 3.563487876608094074e-01
1.845050534160691313e+00 -7.983906140434868348e+01 4.724489907142963019e-01 5.953824961924821801e-01 1.952948234739073086e-01 6.316885906229082748e-01 3.563535817325407806e-01
1.899121785914758220e+00 -7.952167857874191270e+01 4.832531155597346584e-01 5.894774749645169676e-01 1.909361446406852569e-01 6.316890334909873728e-01 3.563582421952678492e-01
1.963441309213521890e+00 -7.913655988023489840e+01 4.955484551596010534e-01 5.831598819676464540e-01 1.858931696016709323e-01 6.316895520862300106e-01 3.563636068650755662e-01
2.027760832512285560e+00 -7.874466020765116525e+01 5.072634366210625467e-01 5.775732975034985062e-01 1.810004170495371489e-01 6.316900613434301981e-01 3.563687717846280023e-01
2.092080355811049230e+00 -7.834734341896644594e+01 5.184233216541670464e-01 5.726798019833173603e-01 1.762538912737838526e-01 6.316905608382427095e-01 3.563737322833835930e-01
2.156399879109812900e+00 -7.794581879298455362e+01 5.290527276954146707e-01 5.684426150112537046e-01 1.716496923440332112e-01 6.316910501617419849e-01 3.563784844364229487e-01
2.220719402408576570e+00 -7.754116341893380593e+01 5.391754890072363304e-01 5.648262144009176255e-01 1.671840164275144869e-01 6.316915289200660810e-01 3.563830250219973128e-01
2.285038925707340240e+00 -7.713433990717032884e+01 5.488145620035539407e-01 5.617964053573456518e-01 1.628531554641982348e-01 6.316919967343458397e-01 3.563873514837262446e-01
2.349358449006103911e+00 -7.672621062075486975e+01 5.579919642296355953e-01 5.593203538094954075e-01 1.586534963631631712e-01 6.316924532408290105e-01 3.563914618954860947e-01
2.429662243725033477e+00 -7.621599119651837384e+01 5.688339423683488327e-01 5.569585535701709889e-01 1.535889863248308118e-01 6.316930067951297412e-01 3.563962885746808085e-01
2.509966038443963043e+00 -7.570627107658386024e+01 5.790277980804612312e-01 5.553527109816276397e-01 1.487168652466067942e-01 6.316935415375818375e-01 3.564007750842883016e-01
2.590269833162892610e+00 -7.519821519441856594e+01 5.886099320451566586e-01 5.544477550000129762e-01 1.440307048189170269e-01 6.316940568640155851e-01 3.564049213322669218e-01
2.670573627881822176e+00 -7.469283749013347062e+01 5.976144020132990731e-01 5.541917105715364888e-01 1.395242903255065614e-01 6.316945522107468847e-01 3.564087283969972764e-01
2.750877422600751743e+00 -7.419101598789839613e+01 6.060729996949335563e-01 5.545355683229015176e-01 1.351916146964671495e-01 6.316950270555694580e-01 3.564121984255581577e-01
2.831181217319681309e+00 -7.369350513100040700e+01 6.140153469962813526e-01 5.554331458964091306e-01 1.310268723960477943e-01 6.316954809185061359e-01 3.564153345308053167e-01
2.911485012038610876e+00 -7.320094605656846909e+01 6.214690038051161602e-01 5.568409481590933519e-01 1.270244532844504171e-01 6.316959133622295219e-01 3.564181406876096303e-01
3.033705186186125502e+00 -7.246196815381077272e+01 6.319325402963292815e-01 5.598712645687899947e-01 1.212322500498792255e-01 6.316965295455260199e-01 3.564217892089567297e-01
3.155925360333640128e+00 -7.173714545538202003e+01 6.414052193934047796e-01 5.638555042420669849e-01 1.157852399916853015e-01 6.316970940056461092e-01 3.564247040531645649e-01
3.278145534481154755e+00 -7.102747380582152914e+01 6.499604236022321624e-01 5.686719464862463047e-01 1.106660596428388349e-01 6.316976057567480485e-01 3.564269074120767211e-01
3.400365708628669381e+00 -7.033352142853797773e+01 6.576635178569931739e-01 5.742100007994348498e-01 1.058582420519752765e-01 6.316980640179470363e-01 3.564284234156241959e-01
3.522585882776184008e+00 -6.965546643736274746e+01 6.645726631653052774e-01 5.803694260686934614e-01 1.013461787112446971e-01 6.316984681944856073e-01 3.564292774226925364e-01
3.644806056923698634e+00 -6.899312982466067012e+01 6.707395485383244038e-01 5.870596400068017751e-01 9.711508592868935141e-02 6.316988178541969035e-01 3.564294953837328639e-01
3.767026231071213260e+00 -6.834600455813190933e+01 6.762100360447488301e-01 5.941991048144197318e-01 9.315097579597002297e-02 6.316991127000037842e-01 3.564291032815505855e-01
3.896096464202855714e+00 -6.767822377430215397e+01 6.812759058354231900e-01 6.021457833255102754e-01 8.923993224891837994e-02 6.316993643509698497e-01 3.564280551227157479e-01
4.025166697334498167e+00 -6.702520531374906909e+01 6.856523582511369064e-01 6.104357426706491507e-01 8.559724978249112770e-02 6.316995545159995729e-01 3.564263841076319439e-01
4.154236930466140620e+00 -6.638532098429901396e+01 6.893759393430951565e-01 6.190019657041154755e-01 8.220918852913296215e-02 6.316996830968022447e-01 3.564241177932028770e-01
4.283307163597783074e+00 -6.575661842169381543e+01 6.924781213681072689e-01 6.277862373833913434e-01 7.906291274640064870e-02 6.316997499908140190e-01 3.564212819147005162e-01
4.412377396729425527e+00 -6.513681582419627603e+01 6.949855802365362267e-01 6.367386515442927664e-01 7.614648716298930142e-02 6.316997550419835017e-01 3.564179001179408335e-01
4.541447629861067981e+00 -6.452327837894459606e+01 6.969203551731939505e-01 6.458171737908944277e-01 7.344888320460893349e-02 6.316996979892748332e-01 3.564139937467261099e-01
4.670517862992710434e+00 -6.391296987904920002e+01 6.982998799056371331e-01 6.549872714397522167e-01 7.095999779723749512e-02 6.316995784116120616e-01 3.564095816662339322e-01
4.799588096124352887e+00 -6.330236992538075924e+01 6.991368645227571399e-01 6.642216295274057103e-01 6.867068902807417496e-02 6.316993956669855192e-01 3.564046801009902454e-01
4.928658329255995341e+00 -6.268734190535978001e+01 6.994389916869380164e-01 6.734999821169618262e-01 6.657283537986836974e-02 6.316991488221164186e-01 3.563993024633135831e-01
5.057728562387637794e+00 -6.206292802650253293e+01 6.992083663405700422e-01 6.828091031925076493e-01 6.465942916770150983e-02 6.316988365671275529e-01 3.563934591433901566e-01
5.162858685536775738e+00 -6.154321709429532206e+01 6.986240358802354722e-01 6.904099104183181179e-01 6.323319530312793146e-02 6.316985326672621692e-01 3.563883605468556870e-01
5.267988808685913682e+00 -6.100919945423908075e+01 6.976773603494167419e-01 6.980275907129125379e-01 6.192309610114268836e-02 6.316981829210136512e-01 3.563829597949003669e-01
5.355438383310684003e+00 -6.055050050374161685e+01 6.966065428681443850e-01 7.043800000869808731e-01 6.092061089933255291e-02 6.316978559143241467e-01 3.563782373219609445e-01
5.442887957935454324e+00 -6.007481977028725595e+01 6.952692509890637806e-01 7.107517754175700642e-01 5.999689428289247534e-02 6.316974949151079599e-01 3.563733049456322965e-01
5.530337532560224645e+00 -5.957764393104705647e+01 6.936536407599808163e-01 7.171500940303505711e-01 5.915204892521608998e-02 6.316970985033345531e-01 3.563681604830952754e-01
5.600974815053632483e+00 -5.915647005125642721e+01 6.921347419979722027e-01 7.223444868040681532e-01 5.852772659634664781e-02 6.316967512645865757e-01 3.563638478096650131e-01
5.671612097547040321e+00 -5.871368142870053930e+01 6.904131559143786845e-01 7.275697154670014433e-01 5.795620420622919072e-02 6.316963786671498937e-01 3.563593917683484658e-01
5.730299510352779180e+00 -5.832589168719882622e+01 6.888189277931556775e-01 7.319407479510694481e-01 5.752245523501142016e-02 6.316960488600140700e-01 3.563555780106103521e-01
5.788986923158518039e+00 -5.791629404683823878e+01 6.870655994991131665e-01 7.363454905557504926e-01 5.712713545140676169e-02 6.316956997090056314e-01 3.563516602795573918e-01
5.847674335964256898e+00 -5.748043585916875742e+01 6.851411027796038278e-01 7.407916723561432937e-01 5.677170700252739260e-02 6.316953301305217039e-01 3.563476353955314369e-01
5.895405532719451003e+00 -5.710268486290911483e+01 6.834393930866758948e-01 7.444448645932935094e-01 5.651338197651020051e-02 6.316950135988214088e-01 3.563442802171696289e-01
5.943136729474645108e+00 -5.669990873576102786e+01 6.816046421126700228e-01 7.481379094591819046e-01 5.628409162749029720e-02 6.316946818821915777e-01 3.563408490532826156e-01
5.990867926229839213e+00 -5.626716042133502071e+01 6.796247021618863071e-01 7.518782561356448513e-01 5.608556973539696733e-02 6.316943340145745323e-01 3.563373388909042427e-01
6.028670284169493243e+00 -5.589901120581261296e+01 6.779437890137086642e-01 7.548800255492834621e-01 5.595162174314324138e-02 6.316940462983123838e-01 3.563345004872658928e-01
6.066472642109147273e+00 -5.550406081060884134e+01 6.761533228860997502e-01 7.579224920854262804e-01 5.583973485140559384e-02 6.316937470678765099e-01 3.563316081880278374e-01
6.097854868261492811e+00 -5.515221262695424542e+01 6.745758536419950158e-01 7.604837201079203135e-01 5.576482319134775517e-02 6.316934893552276220e-01 3.563291644167871919e-01
6.129237094413838349e+00 -5.477474430359408331e+01 6.729076665180206973e-01 7.630817309095903056e-01 5.570748613079926082e-02 6.316932226555566077e-01 3.563266802101947572e-01
6.160619320566183887e+00 -5.436708230858261004e+01 6.711396011188452970e-01 7.657216279751113408e-01 5.566918283105088544e-02 6.316929463726922434e-01 3.563241537179868135e-01
6.186502380005549639e+00 -5.400406738433976273e+01 6.695983807559263701e-01 7.679347146856790873e-01 5.565317474989271707e-02 6.316927108040583105e-01 3.563220366253098681e-01
6.212385439444915392e+00 -5.361248563349300866e+01 6.679741356043841227e-01 7.701844247285302147e-01 5.565255945134772730e-02 6.316924677967187263e-01 3.563198879500268923e-01
6.238268498884281144e+00 -5.318718546309466433e+01 6.662577739522868026e-01 7.724754934534889816e-01 5.566883174272679868e-02 6.316922168325544984e-01 3.563177061291064596e-01
6.258988048080937006e+00 -5.281806955909667067e+01 6.648100476016830518e-01 7.743430686069853186e-01 5.569525132108305715e-02 6.316920097985836424e-01 3.563159344841106413e-01
6.279707597277592868e+00 -5.241891997103448375e+01 6.632893407550715104e-01 7.762441485291159404e-01 5.573481232505107796e-02 6.316917969267137334e-01 3.563141394092247394e-01
6.300427146474248730e+00 -5.198441646537056471e+01 6.616873698709596630e-01 7.781827344897279675e-01 5.578890451922916688e-02 6.316915778102039081e-01 3.563123197225717131e-01
6.317013440406299196e+00 -5.160662016781878236e+01 6.603396847345350817e-01 7.797647917748276036e-01 5.584381119003255928e-02 6.316913975908277079e-01 3.563108444027422994e-01
6.333599734338349663e+00 -5.119750366408530340e+01 6.589272332596476378e-01 7.813767698481933754e-01 5.591017394038291094e-02 6.316912127951306299e-01 3.563093516756460910e-01
6.350186028270400129e+00 -5.075162246993869530e+01 6.574424926034331262e-01 7.830220156231452178e-01 5.598927085614531507e-02 6.316910231100606454e-01 3.563078406692351541e-01
6.363496209989534691e+00 -5.036262171417072153e+01 6.561926122971213360e-01 7.843690017571924855e-01 5.606299752261621056e-02 6.316908671148826482e-01 3.563066142353844556e-01
6.376806391708669253e+00 -4.994107230689216692e+01 6.548846023639459668e-01 7.857423408534529585e-01 5.614689960713344780e-02 6.316907075307591768e-01 3.563053748302477675e-01
6.390116573427803814e+00 -4.948142223229996262e+01 6.535116009051840091e-01 7.871448264578305709e-01 5.624215113167965047e-02 6.316905441200703075e-01 3.563041218206966509e-01
6.400841925642453134e+00 -4.907860799414083175e+01 6.523523298718001406e-01 7.882983755494560318e-01 5.632812514540010834e-02 6.316904094771076394e-01 3.563031017677884549e-01
6.411567277857102454e+00 -4.864196644220539412e+01 6.511402039897272731e-01 7.894749881623396304e-01 5.642329475905977915e-02 6.316902720155879170e-01 3.563020720114505879e-01
6.422292630071751773e+00 -4.816583195535458373e+01 6.498689011307228203e-01 7.906770049084043128e-01 5.652874455097509077e-02 6.316901315569649622e-01 3.563010320970397826e-01
6.430977021445869468e+00 -4.774654172215682024e+01 6.487909421433960544e-01 7.916707695762881247e-01 5.662255536084638552e-02 6.316900154935525258e-01 3.563001822844665822e-01
6.439661412819987163e+00 -4.729203009921820211e+01 6.476642587437220211e-01 7.926846852821981537e-01 5.672480884581205390e-02 6.316898972142226398e-01 3.562993251873051159e-01
6.448345804194104858e+00 -4.679650189194060061e+01 6.464829500699228459e-01 7.937207269297599233e-01 5.683651634333828501e-02 6.316897765860848279e-01 3.562984604822073686e-01
6.455416391516337171e+00 -4.635780141568204726e+01 6.454759025446059617e-01 7.945821735542811792e-01 5.693528933912212625e-02 6.316896765371261546e-01 3.562977505998177752e-01
6.462486978838569485e+00 -4.588230001932346624e+01 6.444232573036855483e-01 7.954612665254795489e-01 5.704193533167679214e-02 6.316895747442704545e-01 3.562970352296181975e-01
6.469557566160801798e+00 -4.536404736483205369e+01 6.433194190788990019e-01 7.963596888458376322e-01 5.715740932626512533e-02 6.316894711095588644e-01 3.562963141438315606e-01
6.475350643420824781e+00 -4.490243855155130603e+01 6.423721533370650993e-01 7.971115583694038387e-01 5.725940209587419144e-02 6.316893847512481397e-01 3.562957189105945832e-01
6.481143720680847764e+00 -4.440217323626495016e+01 6.413814805853418344e-01 7.978789749636349127e-01 5.736885929965976350e-02 6.316892970185405964e-01 3.562951195268834192e-01
6.486936797940870747e+00 -4.385710798370239871e+01 6.403419930691893747e-01 7.986633919959179595e-01 5.748669753736795202e-02 6.316892078399756194e-01 3.562945158339507201e-01
6.491718520497670397e+00 -4.336810654174681900e+01 6.394425863520140085e-01 7.993248675562132366e-01 5.759105799150650296e-02 6.316891330857015152e-01 3.562940141663850091e-01
6.496500243054470047e+00 -4.283818388220005602e+01 6.385010154873903554e-01 8.000001819987706542e-01 5.770263127894966620e-02 6.316890572454798569e-01 3.562935093439222878e-01
6.501281965611269698e+00 -4.226094652304976051e+01 6.375119294630954281e-01 8.006906124899765276e-01 5.782231581477634275e-02 6.316889802677991828e-01 3.562930012573874983e-01
6.505264925173833035e+00 -4.173839225407821374e+01 6.366471470706036584e-01 8.012783143580632927e-01 5.792897686022755593e-02 6.316889152406006680e-01 3.562925754691460001e-01
6.509247884736396372e+00 -4.117202618888659060e+01 6.357403733861579642e-01 8.018785276353820324e-01 5.804277217747307038e-02 6.316888493513190816e-01 3.562921472654871913e-01
6.513230844298959710e+00 -4.055511518253170777e+01 6.347861516839532481e-01 8.024924013107717080e-01 5.816460722306244363e-02 6.316887825633643594e-01 3.562917165727056967e-01
6.517213803861523047e+00 -3.987941538154048970e+01 6.337778421627167091e-01 8.031212720983733622e-01 5.829557878180026409e-02 6.316887148379313199e-01 3.562912833141180791e-01
6.520382156886626035e+00 -3.929322287720351881e+01 6.329317468520633261e-01 8.036332693985570597e-01 5.840717320098280652e-02 6.316886602672190376e-01 3.562909367818699047e-01
6.523550509911729023e+00 -3.865716630691640177e+01 6.320412636817649421e-01 8.041566632974447293e-01 5.852621530351479612e-02 6.316886050558451204e-01 3.562905885351992374e-01
6.526718862936832011e+00 -3.796371089435355373e+01 6.311003303944602294e-01 8.046925141406745530e-01 5.865369169861137794e-02 6.316885491815659170e-01 3.562902385330599664e-01
6.529887215961934999e+00 -3.720371210626788638e+01 6.301015414427751926e-01 8.052420550223242657e-01 5.879080118274562089e-02 6.316884926216354001e-01 3.562898867346767084e-01
6.532504231057828292e+00 -3.651791177844589953e+01 6.292264853839545369e-01 8.057073115524979734e-01 5.891235302212727287e-02 6.316884453705584601e-01 3.562895947713321521e-01
6.535121246153721586e+00 -3.577151279952111196e+01 6.282994197903175593e-01 8.061838388400647260e-01 5.904248935424410288e-02 6.316883976232116060e-01 3.562893015341732639e-01
6.537738261249614879e+00 -3.495541708202976849e+01 6.273126353791373955e-01 8.066727346457903680e-01 5.918243721900495052e-02 6.316883493671474614e-01 3.562890070036919266e-01
6.540355276345508173e+00 -3.405870152567572262e+01 6.262566342098294658e-01 8.071752782154765216e-01 5.933369957261353661e-02 6.316883005906508419e-01 3.562887111629508552e-01
6.542972291441401467e+00 -3.306820297167491418e+01 6.251195737506212158e-01 8.076929713721877624e-01 5.949813904954312505e-02 6.316882512832208141e-01 3.562884139987049226e-01
6.545589306537294760e+00 -3.196802376169432236e+01 6.238864972035210732e-01 8.082275907570559692e-01 5.967809354354953327e-02 6.316882014362230624e-01 3.562881155028778113e-01
6.547710059036035091e+00 -3.098294871591653177e+01 6.228038329890985825e-01 8.086746888710929504e-01 5.983732191218721352e-02 6.316881606417070749e-01 3.562878726328474466e-01
6.549830811534775421e+00 -2.990126055729144028e+01 6.216327994929158329e-01 8.091356127690354505e-01 6.001066186201339803e-02 6.316881194875554328e-01 3.562876288914372247e-01
6.550178884208435193e+00 -2.971356638391823779e+01 6.214311096159305103e-01 8.092126866511963890e-01 6.004062140710322154e-02 6.316881126987106132e-01 3.562875888041901473e-01
6.550526956882094964e+00 -2.952283316205682340e+01 6.212265366906727371e-01 8.092901815089681428e-01 6.007103843431994133e-02 6.316881059002029675e-01 3.562875486937536751e-01
6.550875029555754736e+00 -2.932899300968395195e+01 6.210189975443678456e-01 8.093681049935931293e-01 6.010192571218991864e-02 6.316880990920443750e-01 3.562875085601870939e-01
6.551223102229414508e+00 -2.913197670910679449e+01 6.208084056701208553e-01 8.094464649580364046e-01 6.013329651541417936e-02 6.316880922742486026e-01 3.562874684035545747e-01
6.551571174903074279e+00 -2.893171360859180652e+01 6.205946712397272247e-01 8.095252694601320353e-01 6.016516462219138189e-02 6.316880854468317485e-01 3.562874282239252288e-01
6.551919247576734051e+00 -2.872813166338500679e+01 6.203777009129538555e-01 8.096045267691275305e-01 6.019754434385835018e-02 6.316880786098121314e-01 3.562873880213733857e-01
6.552615392938605510e+00 -2.831071620104097519e+01 6.199336607311133340e-01 8.097644339771796762e-01 6.026389868543389344e-02 6.316880649070493181e-01 3.562873075478262264e-01
6.553311538300476968e+00 -2.787912691214629035e+01 6.194754621930773641e-01 8.099262571904529695e-01 6.033248562212318450e-02 6.316880511661546738e-01 3.562872269836168670e-01
6.554007683662348427e+00 -2.743274000944490609e+01 6.190022155734331566e-01 8.100900707877175533e-01 6.040344142380485448e-02 6.316880373873638987e-01 3.562871463295418928e-01
6.554703829024219885e+00 -2.697091307975610519e+01 6.185129583889340532e-01 8.102559531185270503e-01 6.047691349493395513e-02 6.316880235709563252e-01 3.562870655864962544e-01
6.555399974386091344e+00 -2.649298756799421639e+01 6.180066489446764955e-01 8.104239867053807389e-01 6.055306141309708262e-02 6.316880097172578035e-01 3.562869847554780423e-01
6.556096119747962803e+00 -2.599829213462929189e+01 6.174821594150836646e-01 8.105942584441502285e-01 6.063205806082417465e-02 6.316879958266432560e-01 3.562869038375939268e-01
6.556792265109834261e+00 -2.548614706245759010e+01 6.169382684823625507e-01 8.107668597989924342e-01 6.071409085405799627e-02 6.316879818995391194e-01 3.562868228340639876e-01
6.557933961317758076e+00 -2.460664928574842492e+01 6.160007524868048590e-01 8.110552285128902472e-01 6.085574072241883153e-02 6.316879589810232565e-01 3.562866898043576258e-01
6.559075657525681891e+00 -2.367541653661114509e+01 6.150009676903931410e-01 8.113505771427391711e-01 6.100711038544707338e-02 6.316879359681277784e-01 3.562865565545598745e-01
6.560217353733605705e+00 -2.268963373475392231e+01 6.139315375204374980e-01 8.116533960555823990e-01 6.116934378019697055e-02 6.316879128637353791e-01 3.562864230922199726e-01
6.561359049941529520e+00 -2.164679917514396124e+01 6.127840990076818262e-01 8.119642132771635046e-01 6.134374848802515157e-02 6.316878896711766167e-01 3.562862894258406188e-01
6.562500746149453335e+00 -2.054494229587865561e+01 6.115492189896357678e-01 8.122835937358661162e-01 6.153181643076822277e-02 6.316878663942377958e-01 3.562861555648850209e-01
6.563642442357377149e+00 -1.938290721957257290e+01 6.102163388834727087e-01 8.126121364482516984e-01 6.173524393282317502e-02 6.316878430371566377e-01 3.562860215197571900e-01
6.564784138565300964e+00 -1.816070350982011661e+01 6.087737709455528501e-01 8.129504688364059817e-01 6.195594889654161552e-02 6.316878196046028515e-01 3.562858873017489270e-01
6.564986452591256239e+00 -1.793793833086409606e+01 6.085057507791864495e-01 8.130114928026603849e-01 6.199702008332973191e-02 6.316878154447479465e-01 3.562858635005483610e-01
6.565188766617211513e+00 -1.771334298486229386e+01 6.082338144049935780e-01 8.130728480975004668e-01 6.203871347771845041e-02 6.316878112827105651e-01 3.562858396943666128e-01
6.565391080643166788e+00 -1.748693428261687544e+01 6.079578869319108847e-01 8.131345383589619891e-01 6.208104205173071294e-02 6.316878071185204613e-01 3.562858158832738487e-01
6.565593394669122063e+00 -1.725873105982220324e+01 6.076778927253145834e-01 8.131965672244702015e-01 6.212401900284151429e-02 6.316878029522076110e-01 3.562857920673410117e-01
6.565795708695077337e+00 -1.702875434643519981e+01 6.073937554290328444e-01 8.132589383278038264e-01 6.216765775727184362e-02 6.316877987838022124e-01 3.562857682466394338e-01
6.565998022721032612e+00 -1.679702738276333918e+01 6.071053980435903163e-01 8.133216552954882772e-01 6.221197196478205071e-02 6.316877946133349075e-01 3.562857444212410574e-01
6.566200336746987887e+00 -1.656357568300400374e+01 6.068127429902243630e-01 8.133847217432879084e-01 6.225697549590715474e-02 6.316877904408364497e-01 3.562857205912183245e-01
6.566604964798898436e+00 -1.609161177422136646e+01 6.062142271191166554e-01 8.135119174657268193e-01 6.234910708961324127e-02 6.316877820898705309e-01 3.562856729175916670e-01
6.567009592850808986e+00 -1.561311382042751639e+01 6.055975785465163019e-01 8.136405540596989283e-01 6.244416774702339634e-02 6.316877737311555885e-01 3.562856252263471024e-01
6.567414220902719535e+00 -1.512837164040222326e+01 6.049621640149677182e-01 8.137706596638405454e-01 6.254227588344078714e-02 6.316877653649456414e-01 3.562855775180774898e-01
6.567818848954630084e+00 -1.463771396525369362e+01 6.043073494003760038e-01 8.139022618534460518e-01 6.264355289839944330e-02 6.316877569914971513e-01 3.562855297933795184e-01
6.568223477006540634e+00 -1.414150802027061893e+01 6.036325031499213400e-01 8.140353874978449866e-01 6.274812291085322957e-02 6.316877486110680229e-01 3.562854820528520983e-01
6.568628105058451183e+00 -1.364015830174045618e+01 6.029370000051282874e-01 8.141700626147753139e-01 6.285611245293715177e-02 6.316877402239172712e-01 3.562854342970947497e-01
6.569032733110361733e+00 -1.313410448279646658e+01 6.022202249647207184e-01 8.143063122243999752e-01 6.296765012486321700e-02 6.316877318303039113e-01 3.562853865267058828e-01
6.569745313870953396e+00 -1.223292321960969531e+01 6.009043927240984573e-01 8.145501581522124335e-01 6.317310065176177936e-02 6.316877170335873926e-01 3.562853023656593066e-01
6.570457894631545059e+00 -1.132140828291921508e+01 5.995176080650291839e-01 8.147990809775808030e-01 6.339068009489629008e-02 6.316877022190264812e-01 3.562852181642928717e-01
6.571170475392136723e+00 -1.040252184224621246e+01 5.980569947940905795e-01 8.150531867748888049e-01 6.362111335657513744e-02 6.316876873879910814e-01 3.562851339257455119e-01
6.571749102862668224e+00 -9.653048056515395103e+00 5.968148619377187103e-01 8.152634006767929264e-01 6.381818381517984085e-02 6.316876753337403727e-01 3.562850654973817588e-01
6.572327730333199725e+00 -8.902347022641921015e+00 5.955211674300454616e-01 8.154771317804593300e-01 6.402458835083993383e-02 6.316876632701901029e-01 3.562849970480702066e-01
6.572906357803731225e+00 -8.151995080865729548e+00 5.941749054592520007e-01 8.156944124291205522e-01 6.424070249896114693e-02 6.316876511979994113e-01 3.562849285793106557e-01
6.573484985274262726e+00 -7.403487906961506049e+00 5.927752651969649955e-01 8.159152673286059754e-01 6.446689307553507553e-02 6.316876391177973504e-01 3.562848600925322962e-01
6.574063612744794227e+00 -6.658213489284781517e+00 5.913216395125472369e-01 8.161397136973276289e-01 6.470351644694664894e-02 6.316876270301809981e-01 3.562847915890889894e-01
6.574642240215325728e+00 -5.917432735562511148e+00 5.898136290481782451e-01 8.163677615652934483e-01 6.495091718207518516e-02 6.316876149357131265e-01 3.562847230702557710e-01
6.575220867685857229e+00 -5.182267784315986781e+00 5.882510421513240662e-01 8.165994141813041063e-01 6.520942704997963191e-02 6.316876028349218686e-01 3.562846545372274631e-01
6.576059432874899358e+00 -4.128775175646376638e+00 5.858897026748552950e-01 8.169415224384813934e-01 6.560442995542468958e-02 6.316875852878492958e-01 3.562845551940635458e-01
6.576171412729308940e+00 -3.989280037800960077e+00 5.855657362274013789e-01 8.169877777795383489e-01 6.565904399769194322e-02 6.316875829438064471e-01 3.562845419261217450e-01
6.576283392583718523e+00 -3.850081126271405640e+00 5.852397422726872689e-01 8.170341673812302474e-01 6.571410451907394590e-02 6.316875805995728621e-01 3.562845286577523973e-01
6.576395372438128106e+00 -3.711183324313701348e+00 5.849117239967471793e-01 8.170806911336108147e-01 6.576961360052120675e-02 6.316875782551515384e-01 3.562845153889623862e-01
6.576507352292537689e+00 -3.572591307274382899e+00 5.845816848542521038e-01 8.171273489189895267e-01 6.582557330154555075e-02 6.316875759105455845e-01 3.562845021197583173e-01
6.576619332146947272e+00 -3.434309590531454237e+00 5.842496285373584008e-01 8.171741406136684427e-01 6.588198566271076528e-02 6.316875735657577762e-01 3.562844888501469076e-01
6.576731312001356855e+00 -3.296342514098367982e+00 5.839155589842969230e-01 8.172210660873995280e-01 6.593885270454299952e-02 6.316875712207911109e-01 3.562844755801345964e-01
6.576843291855766438e+00 -3.158694250544726412e+00 5.835794803727067936e-01 8.172681252037143906e-01 6.599617642788314920e-02 6.316875688756483642e-01 3.562844623097277674e-01
6.577067251564585604e+00 -2.884370032786472304e+00 5.829013138629782764e-01 8.173626437878165341e-01 6.611220182389523914e-02 6.316875641848457290e-01 3.562844357677557583e-01
6.577291211273404770e+00 -2.611367088040378537e+00 5.822151670931879908e-01 8.174576951545446946e-01 6.623007746376843863e-02 6.316875594933718530e-01 3.562844092242800631e-01
6.577515170982223935e+00 -2.339713100913936916e+00 5.815210817579855584e-01 8.175532780013162748e-01 6.634981864694294851e-02 6.316875548012478303e-01 3.562843826793483104e-01
6.577739130691043101e+00 -2.069433404078490302e+00 5.808191030438332181e-01 8.176493909386055581e-01 6.647144036072337447e-02 6.316875501084940892e-01 3.562843561330066300e-01
6.577963090399862267e+00 -1.800551093375016620e+00 5.801092795092627208e-01 8.177460324940180048e-01 6.659495728189833430e-02 6.316875454151305025e-01 3.562843295852996528e-01
6.578187050108681433e+00 -1.533087142736341058e+00 5.793916629636818305e-01 8.178432011162241055e-01 6.672038377850018909e-02 6.316875407211762772e-01 3.562843030362705665e-01
6.578822181152645499e+00 -7.824551113037173655e-01 5.773146684780691151e-01 8.181216154837093191e-01 6.708659142641443252e-02 6.316875274064611689e-01 3.562842277386077394e-01
6.579305625040433370e+00 -2.190595904483868539e-01 5.756928594585456471e-01 8.183363443356986844e-01 6.737589746537313296e-02 6.316875172688349860e-01 3.562841704177920343e-01
6.579654792629298754e+00 1.834958199692327541e-01 5.744999613461331256e-01 8.184929297672461912e-01 6.759060672476772946e-02 6.316875099455055986e-01 3.562841290146204209e-01
6.580003960218164138e+00 5.823580688897768143e-01 5.732892974444007139e-01 8.186507625173378155e-01 6.781019750625401354e-02 6.316875026210464483e-01 3.562840876089232167e-01
6.580353127807029523e+00 9.775010738879167382e-01 5.720611527351796566e-01 8.188098346236746261e-01 6.803471424097831677e-02 6.316874952955117140e-01 3.562840462008217690e-01
6.580702295395894907e+00 1.368905335837426795e+00 5.708158241956688972e-01 8.189701378425287004e-01 6.826419964911113747e-02 6.316874879689524658e-01 3.562840047904310414e-01
6.581051462984760292e+00 1.756557233019758524e+00 5.695536197491025687e-01 8.191316636699004228e-01 6.849869475552046449e-02 6.316874806414173316e-01 3.562839633778600579e-01
6.581400630573625676e+00 2.140448379439190862e+00 5.682748572448327318e-01 8.192944033609038668e-01 6.873823890446584262e-02 6.316874733129522745e-01 3.562839219632120691e-01
6.582033019789378159e+00 2.826143635762235817e+00 5.659177579965756211e-01 8.195922076716685156e-01 6.918505936408433921e-02 6.316874600378938887e-01 3.562838469507695893e-01
6.582665409005130641e+00 3.499503812407847914e+00 5.635094266935599672e-01 8.198939092079505775e-01 6.964877435373294234e-02 6.316874467601674148e-01 3.562837719323717622e-01
6.583297798220883124e+00 4.160575309905334862e+00 5.610519365098506350e-01 8.201994510725140186e-01 7.012957638656398818e-02 6.316874334799912338e-01 3.562836969085083627e-01
6.583930187436635606e+00 4.809432883677703607e+00 5.585474123588731743e-01 8.205087746721415609e-01 7.062764063974108497e-02 6.316874201975638536e-01 3.562836218796240351e-01
6.584562576652388088e+00 5.446173734072078609e+00 5.559980157021680025e-01 8.208218199294375905e-01 7.114312515799121883e-02 6.316874069130654634e-01 3.562835468461227895e-01
6.585194965868140571e+00 6.070912723532198463e+00 5.534059306276276624e-01 8.211385254685661383e-01 7.167617105499356212e-02 6.316873936266599321e-01 3.562834718083718877e-01
6.585827355083893053e+00 6.683778502717449221e+00 5.507733511936587778e-01 8.214588287789629240e-01 7.222690271429892117e-02 6.316873803384964736e-01 3.562833967667053958e-01
6.586701182197430171e+00 7.511350229645697318e+00 5.470731170333109628e-01 8.219072220869420020e-01 7.301719666247513674e-02 6.316873619744438617e-01 3.562832930692333977e-01
6.587575009310967289e+00 8.316911358282553124e+00 5.433054931966730949e-01 8.223621932114469901e-01 7.384169568825496577e-02 6.316873436076135828e-01 3.562831893655812876e-01
6.588448836424504407e+00 9.100874307999959001e+00 5.394761363832275558e-01 8.228235694240804143e-01 7.470057495837581496e-02 6.316873252382888548e-01 3.562830856563827808e-01
6.589322663538041525e+00 9.863664618017883967e+00 5.355905802958791373e-01 8.232911759403871432e-01 7.559395260783169368e-02 6.316873068667194779e-01 3.562829819421971522e-01
6.590196490651578642e+00 1.060571555918375530e+01 5.316542057084637785e-01 8.237648363736901347e-01 7.652189112152947559e-02 6.316872884931266086e-01 3.562828782235189506e-01
6.591070317765115760e+00 1.132746408389479775e+01 5.276722168347538489e-01 8.242443731425926901e-01 7.748439882846892834e-02 6.316872701177059790e-01 3.562827745007861036e-01
6.591944144878652878e+00 1.202934778266086191e+01 5.236496233098059117e-01 8.247296078404645625e-01 7.848143151049576105e-02 6.316872517406314502e-01 3.562826707743874111e-01
6.592817971992189996e+00 1.271180257109231171e+01 5.195912271167197893e-01 8.252203615725711705e-01 7.951289411707299082e-02 6.316872333620576763e-01 3.562825670446685411e-01
6.594146810210077092e+00 1.371335209171214586e+01 5.133612095683794951e-01 8.259768312211908103e-01 8.114710201979047355e-02 6.316872054109962109e-01 3.562824092960968358e-01
6.595475648427964188e+00 1.467246824891592460e+01 5.070740865763596616e-01 8.267450208884427054e-01 8.285987281476060728e-02 6.316871774572031528e-01 3.562822515414914570e-01
6.596804486645851284e+00 1.559061570916889927e+01 5.007438079003527776e-01 8.275243041950927081e-01 8.465025725574364113e-02 6.316871495010341064e-01 3.562820937816468803e-01
6.598133324863738380e+00 1.646921993261522843e+01 4.943831487988453177e-01 8.283140592067663732e-01 8.651708677830347027e-02 6.316871215427907194e-01 3.562819360172369554e-01
6.599462163081625476e+00 1.730966342035219796e+01 4.880037489779411319e-01 8.291136700426227080e-01 8.845899044642392683e-02 6.316870935827296751e-01 3.562817782488354457e-01
6.600791001299512573e+00 1.811328328585363678e+01 4.816161660304872916e-01 8.299225282821861560e-01 9.047441199578752646e-02 6.316870656210705759e-01 3.562816204769329032e-01
6.602119839517399669e+00 1.888136980714357449e+01 4.752299380931017669e-01 8.307400341882382744e-01 9.256162676707382908e-02 6.316870376580019375e-01 3.562814627019502689e-01
6.603448677735286765e+00 1.961516572129790603e+01 4.688536516239554253e-01 8.315655977619951233e-01 9.471875835353615880e-02 6.316870096936860746e-01 3.562813049242501973e-01
6.605596979905385524e+00 2.073197528704232795e+01 4.585856089152111070e-01 8.329158377971732641e-01 9.834885077630946271e-02 6.316869644821321295e-01 3.562810498437063988e-01
6.607745282075484283e+00 2.176705719504513326e+01 4.483915807498501382e-01 8.342832435888561937e-01 1.021472419957981936e-01 6.316869192681744405e-01 3.562807947579716417e-01
6.609893584245583043e+00 2.272488559458712132e+01 4.382949288288621736e-01 8.356655156139810581e-01 1.061041372337729466e-01 6.316868740522102454e-01 3.562805396679333270e-01
6.612041886415681802e+00 2.360963209824771880e+01 4.283148737819923446e-01 8.370604435232923413e-01 1.102092357861505501e-01 6.316868288345611759e-01 3.562802845743096025e-01
6.614190188585780561e+00 2.442518074467377076e+01 4.184670999619513609e-01 8.384659093497131011e-01 1.144518677004465329e-01 6.316867836154897997e-01 3.562800294776864440e-01
6.616338490755879320e+00 2.517514455774109194e+01 4.087642861580513820e-01 8.398798894001484605e-01 1.188211164064888609e-01 6.316867383952120552e-01 3.562797743785460769e-01
6.618486792925978079e+00 2.586288288465801344e+01 3.992165650515314690e-01 8.413004550661988823e-01 1.233059275597772481e-01 6.316866931739070212e-01 3.562795192772884034e-01
6.620635095096076839e+00 2.649151892106053907e+01 3.898319173207724364e-01 8.427257727568622236e-01 1.278952046996666703e-01 6.316866479517245780e-01 3.562792641742477673e-01
6.623888166082906537e+00 2.733734294490663785e+01 3.759449233814743385e-01 8.448892570615272879e-01 1.350187673771384156e-01 6.316865794725473604e-01 3.562788778811654677e-01
6.627141237069736235e+00 2.806347750722335022e+01 3.624606001741338956e-01 8.470540366190493220e-01 1.423187219884094745e-01 6.316865109920017929e-01 3.562784915854315115e-01
6.630394308056565933e+00 2.867820512910355646e+01 3.493876964605932001e-01 8.492149491136484762e-01 1.497582987841993563e-01 6.316864425103726477e-01 3.562781052876817234e-01
6.633647379043395631e+00 2.918898602892852523e+01 3.367301549917241510e-01 8.513672873123427909e-01 1.573021442201968656e-01 6.316863740278901851e-01 3.562777189884296924e-01
6.636900450030225329e+00 2.960256198497021529e+01 3.244882270365790911e-01 8.535067785320806788e-01 1.649165926009060479e-01 6.316863055447435871e-01 3.562773326880978031e-01
6.640153521017055027e+00 2.992504884737900639e+01 3.126593374568008565e-01 8.556295627963150796e-01 1.725698617441562277e-01 6.316862370610915045e-01 3.562769463870401609e-01
6.643406592003884725e+00 3.016201819824106778e+01 3.012387576838013170e-01 8.577321703809823727e-01 1.802321859679982818e-01 6.316861685770696067e-01 3.562765600855594128e-01
6.646659662990714423e+00 3.031856890906586699e+01 2.902201307652507722e-01 8.598114992470308193e-01 1.878758977994854362e-01 6.316861000927961323e-01 3.562761737839195697e-01
