0.000000000000000000e+00 1.584343635384664672e+01 1.924167994311075103e-01 9.180651588535319041e-01 1.838700678365780827e-01 5.921566598846872420e-01 3.059426684847720290e-01
3.387040080269798636e-03 1.583865074369381887e+01 1.797064899747815581e-01 9.200938303672703267e-01 1.926072074863175720e-01 5.921565191368654002e-01 3.059419409457557193e-01
6.774080160539597273e-03 1.573245213300819856e+01 1.678496937329765348e-01 9.220697780519901965e-01 2.011983961314762204e-01 5.921563783897567657e-01 3.059412134099879221e-01
1.016112024080939591e-02 1.553180895569669850e+01 1.568086410658773300e-01 9.239906706728020502e-01 2.096041231321278953e-01 5.921562376445670406e-01 3.059404858801612614e-01
1.354816032107919455e-02 1.524330555237117935e+01 1.465432852670646990e-01 9.258547765186324607e-01 2.177902961212347110e-01 5.921560969024725063e-01 3.059397583589022473e-01
1.693520040134899318e-02 1.487318840064094694e+01 1.370124689346046143e-01 9.276609014304117995e-01 2.257281032995414605e-01 5.921559561646509984e-01 3.059390308488418864e-01
2.032224048161879182e-02 1.442740293615035441e+01 1.281748004771968708e-01 9.294083293890186281e-01 2.333937933734077375e-01 5.921558154323104395e-01 3.059383033526777429e-01
2.370928056188859046e-02 1.391162221532166043e+01 1.199893038606708456e-01 9.310967661061670952e-01 2.407683928987141009e-01 5.921556747067137083e-01 3.059375758732303940e-01
2.709632064215838909e-02 1.333126868093017592e+01 1.124158917967467836e-01 9.327262859272280604e-01 2.478373782590122809e-01 5.921555339892021763e-01 3.059368484134969424e-01
3.083042614161968231e-02 1.262282129810314935e+01 1.047292854212911323e-01 9.344549786607748709e-01 2.552641332206283531e-01 5.921553788636612081e-01 3.059360464386661205e-01
3.456453164108097553e-02 1.184882879623053320e+01 9.768941418327446724e-02 9.361134544202845964e-01 2.622980607016399679e-01 5.921552237518173945e-01 3.059352444964436035e-01
3.829863714054226875e-02 1.101561292544226944e+01 9.124865091988870747e-02 9.377029569083877858e-01 2.689352498501580424e-01 5.921550686560070886e-01 3.059344425920512145e-01
4.203274264000356197e-02 1.012918717764460119e+01 8.536188608221548235e-02 9.392250027150401692e-01 2.751760328178203263e-01 5.921549135788308771e-01 3.059336407313025807e-01
4.576684813946485519e-02 9.195261865270712320e+00 7.998658035826733403e-02 9.406813255600217083e-01 2.810243824188309314e-01 5.921547585231958788e-01 3.059328389206984466e-01
4.950095363892614841e-02 8.219247040458730780e+00 7.508276135903509119e-02 9.420738266531070160e-01 2.864873383892647674e-01 5.921546034923612645e-01 3.059320371675288697e-01
5.323505913838744164e-02 7.206254047506487126e+00 7.061298041951001581e-02 9.434045308616574310e-01 2.915744698744668351e-01 5.921544484899868843e-01 3.059312354799822442e-01
5.696916463784873486e-02 6.161096243602599110e+00 6.654224299219461958e-02 9.446755483334403625e-01 2.962973795817634981e-01 5.921542935201848934e-01 3.059304338672626522e-01
6.070327013731002808e-02 5.088289182616834161e+00 6.283792184981819295e-02 9.458890411865399361e-01 3.006692528440356726e-01 5.921541385875754848e-01 3.059296323397156514e-01
6.585202820133417845e-02 3.571445438311714682e+00 5.827547461904396958e-02 9.474719563297016034e-01 3.061483654344847039e-01 5.921539250299889812e-01 3.059285273177162479e-01
7.100078626535832882e-02 2.020134251857081953e+00 5.427937856833544433e-02 9.489553727564269403e-01 3.110275303366679678e-01 5.921537115686789088e-01 3.059274225149443138e-01
7.614954432938247919e-02 4.433928165296181501e-01 5.078407447357718291e-02 9.503449019660641373e-01 3.153482415468903954e-01 5.921534982218897847e-01 3.059263179723351045e-01
7.691288122441619635e-02 2.079643397452002329e-01 5.030483433672600091e-02 9.505432511458388189e-01 3.159438297206123569e-01 5.921534666028412941e-01 3.059261542416652491e-01
7.767621811944991350e-02 -2.782278585469745089e-02 4.983511980390108870e-02 9.507396738086503207e-01 3.165281971039343722e-01 5.921534349868465830e-01 3.059259905179188554e-01
7.825676712673157454e-02 -2.073743276499409038e-01 4.948415116992607027e-02 9.508877821200983904e-01 3.169652034668256624e-01 5.921534109436771276e-01 3.059258660040335420e-01
7.883731613401323557e-02 -3.871098232684225260e-01 4.913851401168676386e-02 9.510347935356125992e-01 3.173958566569438644e-01 5.921533869023530849e-01 3.059257414943307163e-01
7.941786514129489660e-02 -5.670194280650965313e-01 4.879813294622627889e-02 9.511807155210063591e-01 3.178202156479624230e-01 5.921533628629096491e-01 3.059256169888894261e-01
7.999841414857655764e-02 -7.470934745963603296e-01 4.846293358430176640e-02 9.513255554994963781e-01 3.182383392342045814e-01 5.921533388253825692e-01 3.059254924877900517e-01
8.057896315585821867e-02 -9.273224776549700010e-01 4.813284250187296887e-02 9.514693208505636823e-01 3.186502860047834562e-01 5.921533147898081495e-01 3.059253679911143053e-01
8.115951216313987970e-02 -1.107697132375539573e+00 4.780778723994859314e-02 9.516120189093572046e-01 3.190561143364841756e-01 5.921532907562233605e-01 3.059252434989453984e-01
8.174006117042154074e-02 -1.288208314919728759e+00 4.748769629348102705e-02 9.517536569659543755e-01 3.194558823804142800e-01 5.921532667246657278e-01 3.059251190113678187e-01
8.232061017770320177e-02 -1.468847082442616525e+00 4.717249910332000501e-02 9.518942422646768931e-01 3.198496480506627382e-01 5.921532426951735539e-01 3.059249945284676087e-01
8.348170822137035429e-02 -1.830472506244410713e+00 4.655650843334854100e-02 9.521722833330987790e-01 3.206194026752181570e-01 5.921531946425414583e-01 3.059247455770504054e-01
8.464280626503750682e-02 -2.192505481439794845e+00 4.595926935031110355e-02 9.524461991297810126e-01 3.213658363711460741e-01 5.921531465986457077e-01 3.059244966454110481e-01
8.580390430870465934e-02 -2.554880979411030761e+00 4.538025056550500785e-02 9.527160458983507940e-01 3.220894028395289155e-01 5.921530985638155942e-01 3.059242477342912769e-01
8.696500235237181187e-02 -2.917536859252448433e+00 4.481893511277533493e-02 9.529818790933949346e-01 3.227905510246131260e-01 5.921530505383915122e-01 3.059239988444577563e-01
8.812610039603896439e-02 -3.280413857617850315e+00 4.427482008167638039e-02 9.532437533644297911e-01 3.234697248415993598e-01 5.921530025227250693e-01 3.059237499767030188e-01
8.928719843970611691e-02 -3.643455573766551492e+00 4.374741635223487052e-02 9.535017225412921738e-01 3.241273629282827029e-01 5.921529545171796416e-01 3.059235011318461872e-01
9.044829648337326944e-02 -4.006608449151487505e+00 4.323624833115322780e-02 9.537558396209043776e-01 3.247638984197995238e-01 5.921529065221304844e-01 3.059232523107339174e-01
9.543623321224004030e-02 -5.566776705503333034e+00 4.121423375806233802e-02 9.548049054566051241e-01 3.272684175812057283e-01 5.921527004701131469e-01 3.059221836969005515e-01
1.004241699411068112e-01 -7.124679132016323635e+00 3.944964642851400000e-02 9.557877740927851473e-01 3.294238286305268271e-01 5.921524946528514688e-01 3.059211156140025922e-01
1.054121066699735820e-01 -8.677720321860794783e+00 3.791252462684835400e-02 9.567080966672355524e-01 3.312605580397811056e-01 5.921522891088508711e-01 3.059200481492316270e-01
1.092127198353409767e-01 -9.856636834456914187e+00 3.687762088460182219e-02 9.573694403695974797e-01 3.324636458199337063e-01 5.921521327028274051e-01 3.059192352590641151e-01
1.130133330007083714e-01 -1.103103173824562511e+01 3.594913435751704439e-02 9.579977822578752411e-01 3.335097010918607885e-01 5.921519765029373827e-01 3.059184228356852664e-01
1.168139461660757661e-01 -1.220043528892927576e+01 3.511777138158514444e-02 9.585943848902157560e-01 3.344095730961902380e-01 5.921518205335388751e-01 3.059176109346726236e-01
1.206145593314431608e-01 -1.336446090532755981e+01 3.437517545330258384e-02 9.591604139976611654e-01 3.351734038535010840e-01 5.921516648215925382e-01 3.059167996177145077e-01
1.244151724968105555e-01 -1.452275928774088598e+01 3.371384302250126502e-02 9.596969421365671993e-01 3.358106641385876223e-01 5.921515093969005328e-01 3.059159889532166443e-01
1.282157856621779501e-01 -1.567498315320420232e+01 3.312704432673355820e-02 9.602049528977814052e-01 3.363301935579437463e-01 5.921513542923516615e-01 3.059151790169364893e-01
1.320163988275453448e-01 -1.682076317310438185e+01 3.260874995608922106e-02 9.606853453088035621e-01 3.367402411042596522e-01 5.921511995441696152e-01 3.059143698926428123e-01
1.358170119929127395e-01 -1.795969535936088946e+01 3.215356351234383708e-02 9.611389382774314649e-01 3.370485047496690756e-01 5.921510451921598861e-01 3.059135616727945428e-01
1.403813166252803057e-01 -1.931780779310812335e+01 3.168354953862136114e-02 9.616493004442481229e-01 3.372942895725745127e-01 5.921508604101971551e-01 3.059125923896762189e-01
1.449456212576478720e-01 -2.066457553087707311e+01 3.129024098685640604e-02 9.621232300190942777e-01 3.374151479231389805e-01 5.921506763461059641e-01 3.059116247541908695e-01
1.495099258900154382e-01 -2.199911715936846335e+01 3.096720863942570290e-02 9.625617383185750553e-01 3.374216961367055290e-01 5.921504930922301124e-01 3.059106589848875069e-01
1.540742305223830044e-01 -2.332052213760075077e+01 3.070886702051486492e-02 9.629657055444512670e-01 3.373237010277044257e-01 5.921503107504100250e-01 3.059096953248822692e-01
1.586385351547505707e-01 -2.462787232731862019e+01 3.051037853607124761e-02 9.633358887767669021e-01 3.371301432780134388e-01 5.921501294324151843e-01 3.059087340436295599e-01
1.632028397871181369e-01 -2.592026004176826248e+01 3.036756846533550380e-02 9.636729294610548724e-01 3.368492754360046804e-01 5.921499492602851911e-01 3.059077754386442249e-01
1.677671444194857031e-01 -2.719680192692094067e+01 3.027684929462324398e-02 9.639773605313889382e-01 3.364886755485352321e-01 5.921497703665560275e-01 3.059068198371392433e-01
1.723314490518532693e-01 -2.845664941455296670e+01 3.023515314654534950e-02 9.642496133066164044e-01 3.360552971549480850e-01 5.921495928943451004e-01 3.059058675975374064e-01
1.768957536842208356e-01 -2.969899655482716838e+01 3.023987128852788017e-02 9.644900242502856269e-01 3.355555161128356279e-01 5.921494169972714161e-01 3.059049191108139110e-01
1.833371511602308601e-01 -3.142103474974083710e+01 3.032130944385997770e-02 9.647755921777962929e-01 3.347484208672066863e-01 5.921491717606248706e-01 3.059035877679901483e-01
1.897785486362408847e-01 -3.310477631456722492e+01 3.048583970880128918e-02 9.649986499806769702e-01 3.338354086040889457e-01 5.921489304821206945e-01 3.059022660620396850e-01
1.962199461122509092e-01 -3.474851512329995984e+01 3.072962061255670244e-02 9.651593375358841209e-01 3.328295166829822183e-01 5.921486936891621200e-01 3.059009554435547784e-01
2.026613435882609338e-01 -3.635080127023144314e+01 3.104978094491122123e-02 9.652575450069295071e-01 3.317422354577430621e-01 5.921484619373800218e-01 3.058996575025896281e-01
2.091027410642709583e-01 -3.791045528800743369e+01 3.144424303262521175e-02 9.652929489163212251e-01 3.305836842568743439e-01 5.921482358027428949e-01 3.058983739654349554e-01
2.155441385402809829e-01 -3.942657572441596159e+01 3.191157138282375849e-02 9.652650473195558689e-01 3.293627701078020165e-01 5.921480158720420217e-01 3.058971066880561418e-01
2.219855360162910074e-01 -4.089853897612177747e+01 3.245084333433366497e-02 9.651731937547952667e-01 3.280873303756753345e-01 5.921478027320755677e-01 3.058958576461280332e-01
2.284269334923010319e-01 -4.232599118133503424e+01 3.306153884427182055e-02 9.650166296622789686e-01 3.267642604766824443e-01 5.921475969579802490e-01 3.058946289217366332e-01
2.368808619212359190e-01 -4.413175274172157003e+01 3.397109868732622884e-02 9.647115384126957460e-01 3.249656067303020035e-01 5.921473389894943429e-01 3.058930507784555775e-01
2.453347903501708061e-01 -4.586107176821711562e+01 3.500344123768601295e-02 9.642915054021516941e-01 3.231071403302652745e-01 5.921470958047828637e-01 3.058915164671463516e-01
2.537887187791056931e-01 -4.751491454126567504e+01 3.615909479895137307e-02 9.637544492985172795e-01 3.211988990265194910e-01 5.921468684078605715e-01 3.058900311982605813e-01
2.622426472080405802e-01 -4.909473198402471183e+01 3.743881856429405464e-02 9.630983244747617356e-01 3.192493959570907314e-01 5.921466576233391788e-01 3.058886002126076087e-01
2.706965756369754672e-01 -5.060235438767514182e+01 3.884344444957814335e-02 9.623212007554994285e-01 3.172658658615458704e-01 5.921464640730423890e-01 3.058872286832407528e-01
2.791505040659103543e-01 -5.203989492250198623e+01 4.037375429282721861e-02 9.614213320780866656e-01 3.152544718792850142e-01 5.921462881640263687e-01 3.058859216171277429e-01
2.876044324948452413e-01 -5.340966587101945606e+01 4.203038599535844494e-02 9.603972144042408621e-01 3.132204785503259759e-01 5.921461300879680145e-01 3.058846837608554248e-01
2.960583609237801284e-01 -5.471410884143610076e+01 4.381376333371726078e-02 9.592476333262685007e-01 3.111683960935189841e-01 5.921459898307597225e-01 3.058835195142853292e-01
3.064194337348453701e-01 -5.622741835858226978e+01 4.617252621625454745e-02 9.576663322980800697e-01 3.086343466056155616e-01 5.921458419242713322e-01 3.058821988078063159e-01
3.167805065459106117e-01 -5.765106012712900707e+01 4.872156361006183684e-02 9.558943669321103842e-01 3.060849743547123802e-01 5.921457197669447448e-01 3.058810009368711502e-01
3.271415793569758534e-01 -5.898969130560526963e+01 5.145981738634800018e-02 9.539316930672476769e-01 3.035253557249381062e-01 5.921456223612289183e-01 3.058799310167682473e-01
3.375026521680410951e-01 -6.024788180361026235e+01 5.438547573921562184e-02 9.517791477716684989e-01 3.009597633326701049e-01 5.921455484916449130e-01 3.058789928885940479e-01
3.478637249791063368e-01 -6.143007113887126991e+01 5.749597804204058943e-02 9.494384526585796236e-01 2.983918097201256336e-01 5.921454967976359507e-01 3.058781891057168467e-01
3.582247977901715785e-01 -6.254054047593295707e+01 6.078804057319016352e-02 9.469121970272788014e-01 2.958245625715958393e-01 5.921454658375768787e-01 3.058775209675446138e-01
3.685858706012368202e-01 -6.358339547548384019e+01 6.425769806577201482e-02 9.442038039584065290e-01 2.932606373932111765e-01 5.921454541416932837e-01 3.058769885924909615e-01
3.789469434123020619e-01 -6.456255685899175489e+01 6.790035677291905714e-02 9.413174824489625170e-01 2.907022723886937277e-01 5.921454602534584888e-01 3.058765910207205674e-01
3.893080162233673036e-01 -6.548175639220090716e+01 7.171085545744473877e-02 9.382581686211258765e-01 2.881513892289447321e-01 5.921454827601905224e-01 3.058763263369726482e-01
3.996690890344325453e-01 -6.634453665444151227e+01 7.568353133998646787e-02 9.350314587976570335e-01 2.856096426116678799e-01 5.921455203142400592e-01 3.058761918044045625e-01
4.100301618454977870e-01 -6.715425343444115924e+01 7.981228852426540399e-02 9.316435370546505279e-01 2.830784608848663786e-01 5.921455716464244512e-01 3.058761840015936651e-01
4.225591449066996574e-01 -6.806703386072595663e+01 8.500416150542672300e-02 9.273410036292045744e-01 2.800335293149567306e-01 5.921456504388872277e-01 3.058763381357783584e-01
4.350881279679015279e-01 -6.891211824612855708e+01 9.040281305252702293e-02 9.228252286292948359e-01 2.770077103512562644e-01 5.921457457334960983e-01 3.058766639190472758e-01
4.476171110291033983e-01 -6.969441026944282669e+01 9.599578792270024863e-02 9.181096213394012162e-01 2.740025756398650758e-01 5.921458557974973447e-01 3.058771529051693139e-01
4.601460940903052688e-01 -7.041846894760656994e+01 1.017703209686633553e-01 9.132081360465610365e-01 2.710194490584360016e-01 5.921459790763177189e-01 3.058777962842298415e-01
4.726750771515071392e-01 -7.108852709591434405e+01 1.077134802789401491e-01 9.081350938460193145e-01 2.680594453580223968e-01 5.921461141812379703e-01 3.058785850925646588e-01
4.852040602127090096e-01 -7.170851009835843115e+01 1.138122955730914848e-01 9.029050182935761670e-01 2.651235017140088357e-01 5.921462598751366935e-01 3.058795103819373362e-01
4.977330432739108801e-01 -7.228205458051347421e+01 1.200538711586722901e-01 8.975324868511423970e-01 2.622124037439540478e-01 5.921464150577312457e-01 3.058805633510939259e-01
5.114809353835880756e-01 -7.286195405459285723e+01 1.270518324820523182e-01 8.914905785984676978e-01 2.590474579607053851e-01 5.921465950974239556e-01 3.058818555219375845e-01
5.252288274932652712e-01 -7.339408613264551207e+01 1.341899157862637137e-01 8.853134849959740649e-01 2.559139267220733593e-01 5.921467842446582752e-01 3.058832802669284590e-01
5.389767196029424667e-01 -7.388221037800514068e+01 1.414521449495800276e-01 8.790196560987322272e-01 2.528123838291919667e-01 5.921469814953592703e-01 3.058848272551257241e-01
5.527246117126196623e-01 -7.432977339558830465e+01 1.488231055419921567e-01 8.726269822052972192e-01 2.497432845412737856e-01 5.921471859656488590e-01 3.058864867295395529e-01
5.664725038222968578e-01 -7.473993345933018873e+01 1.562880097635274690e-01 8.661526928898173328e-01 2.467069822506902932e-01 5.921473968761676865e-01 3.058882495256335377e-01
5.802203959319740534e-01 -7.511558371063915729e+01 1.638327434187663578e-01 8.596132794721117465e-01 2.437037425025513071e-01 5.921476135383458850e-01 3.058901070718256787e-01
5.939682880416512489e-01 -7.545937389739421519e+01 1.714438973071225614e-01 8.530244383868756941e-01 2.407337548639977842e-01 5.921478353424688423e-01 3.058920513771632432e-01
6.132775144360493869e-01 -7.589304616722169783e+01 1.822219244488715861e-01 8.437151142792894687e-01 2.366187152492122137e-01 5.921481545287266002e-01 3.058949145632990918e-01
6.325867408304475248e-01 -7.627467777656906378e+01 1.930733498900951695e-01 8.343757923989228997e-01 2.325696633521276979e-01 5.921484814942207242e-01 3.058979154862594974e-01
6.518959672248456627e-01 -7.660962181330377518e+01 2.039682698063694233e-01 8.250414350231981553e-01 2.285865720471296214e-01 5.921488151246088183e-01 3.059010372135474998e-01
6.712051936192438006e-01 -7.690261354939322302e+01 2.148795226149889936e-01 8.157436824690275090e-01 2.246692621752318930e-01 5.921491544641022120e-01 3.059042645412458628e-01
6.905144200136419386e-01 -7.715784500423403358e+01 2.257825784730583818e-01 8.065109517584787557e-01 2.208174288083410153e-01 5.921494986884952016e-01 3.059075838207055420e-01
7.098236464080400765e-01 -7.737903090991851229e+01 2.366554032980285605e-01 7.973685774802941051e-01 2.170306628709114394e-01 5.921498470832358141e-01 3.059109827938631399e-01
7.291328728024382144e-01 -7.756946686726020346e+01 2.474783072002919304e-01 7.883389808461552795e-01 2.133084690514474857e-01 5.921501990255402248e-01 3.059144504409057053e-01
7.536947827320545912e-01 -7.777185090847999049e+01 2.611458546302562467e-01 7.770467986008505745e-01 2.086661379615216971e-01 5.921506509801157669e-01 3.059189450994195814e-01
7.782566926616709679e-01 -7.793447247201970640e+01 2.746731186333734587e-01 7.660034296928714959e-01 2.041260661249012509e-01 5.921511068234024400e-01 3.059235167334719563e-01
8.028186025912873447e-01 -7.806189536827189102e+01 2.880335119099870500e-01 7.552375759021067170e-01 1.996868326010347583e-01 5.921515657201318339e-01 3.059281493640707006e-01
8.273805125209037215e-01 -7.815807303102833714e+01 3.012047030056353436e-01 7.447726032032329080e-01 1.953469235338903542e-01 5.921520269483651067e-01 3.059328288950496355e-01
8.519424224505200982e-01 -7.822643990479355125e+01 3.141681393556532420e-01 7.346271492556459837e-01 1.911047544630512518e-01 5.921524898793202318e-01 3.059375428486433846e-01
8.765043323801364750e-01 -7.826998832341986656e+01 3.269086065659572160e-01 7.248156904903384490e-01 1.869586884410223693e-01 5.921529539613082926e-01 3.059422801412881587e-01
9.010662423097528517e-01 -7.829133322555070151e+01 3.394138262662169114e-01 7.153490631533560018e-01 1.829070508265017714e-01 5.921534187068329125e-01 3.059470308938493366e-01
9.336371676472481340e-01 -7.828927420901267453e+01 3.556175864576769929e-01 7.033401585692312663e-01 1.776770020076638146e-01 5.921540352822097786e-01 3.059533365259247129e-01
9.662080929847434163e-01 -7.825678153890255828e+01 3.713741772980023170e-01 6.919614370344886467e-01 1.726060081107813615e-01 5.921546513751436702e-01 3.059596321986626233e-01
9.987790183222386986e-01 -7.819776243609555877e+01 3.866727044428424631e-01 6.812165685993433195e-01 1.676900494209540016e-01 5.921552662070243001e-01 3.059659020715623234e-01
1.031349943659733981e+00 -7.811554487272785252e+01 4.015070468744572629e-01 6.711035825156599355e-01 1.629251152122397905e-01 5.921558790908907355e-01 3.059721322830715184e-01
1.063920868997229263e+00 -7.801297776025415942e+01 4.158750006903362828e-01 6.616159795966957136e-01 1.583072233691155406e-01 5.921564894147288705e-01 3.059783106478513037e-01
1.096491794334724545e+00 -7.789251173047854593e+01 4.297775542138669302e-01 6.527436686871597171e-01 1.538324355344577454e-01 5.921570966283561388e-01 3.059844264106351130e-01
1.129062719672219828e+00 -7.775626464169543794e+01 4.432182764189149804e-01 6.444737502839313903e-01 1.494968687812761599e-01 5.921577002330117301e-01 3.059904700447549919e-01
1.168912208115216345e+00 -7.757077293475704494e+01 4.590427749193758400e-01 6.351529862662343984e-01 1.443762305980213212e-01 5.921584331523201961e-01 3.059977538380306838e-01
1.208761696558212861e+00 -7.736729113705276006e+01 4.741980703468666736e-01 6.266805381074110892e-01 1.394514300913072546e-01 5.921591592280318617e-01 3.060049034100539855e-01
1.248611185001209378e+00 -7.714828094693885419e+01 4.887004275055834568e-01 6.190232199657527135e-01 1.347157924852918076e-01 5.921598777656997825e-01 3.060119068894261440e-01
1.288460673444205895e+00 -7.691584716673132505e+01 5.025680325568122608e-01 6.121463570513010488e-01 1.301628244304643134e-01 5.921605881266910343e-01 3.060187539281000180e-01
1.328310161887202412e+00 -7.667179875979559256e+01 5.158203696651607606e-01 6.060145215997063683e-01 1.257862196295526924e-01 5.921612897192013447e-01 3.060254354996862491e-01
1.368159650330198929e+00 -7.641769776652088808e+01 5.284777266465618961e-01 6.005921000174703206e-01 1.215798618313448515e-01 5.921619819911675409e-01 3.060319437346273874e-01
1.408009138773195446e+00 -7.615489887475689557e+01 5.405608044573497750e-01 5.958437255228247187e-01 1.175378258357878541e-01 5.921626644246054116e-01 3.060382717836863664e-01
1.450187219132203609e+00 -7.586857574243235547e+01 5.527474637694010928e-01 5.915135317006040561e-01 1.134322345344714877e-01 5.921633754760990964e-01 3.060447667364628588e-01
1.492365299491211772e+00 -7.557504594241855500e+01 5.643385829549754096e-01 5.878592322458402464e-01 1.094977384383356706e-01 5.921640744110450161e-01 3.060510471206897010e-01
1.534543379850219935e+00 -7.527536896033188896e+01 5.753582639376005892e-01 5.848418137954164431e-01 1.057280015012633800e-01 5.921647607103176503e-01 3.060571077850322008e-01
1.576721460209228098e+00 -7.497046947704043873e+01 5.858300251031538508e-01 5.824236622504399552e-01 1.021169167367690089e-01 5.921654338802140316e-01 3.060629443955171225e-01
1.618899540568236262e+00 -7.466115671551192179e+01 5.957766708152774093e-01 5.805686598860226866e-01 9.865860111770498320e-02 5.921660934498984563e-01 3.060685533562031990e-01
1.661077620927244425e+00 -7.434814044647013986e+01 6.052202000846076402e-01 5.792422384966547932e-01 9.534738997544275896e-02 5.921667389693315853e-01 3.060739317402518811e-01
1.703255701286252588e+00 -7.403204432002215185e+01 6.141817458518883388e-01 5.784113995340004477e-01 9.217783106057018949e-02 5.921673700075763547e-01 3.060790772292835138e-01
1.763461324386298656e+00 -7.357658022579600754e+01 6.261784174603597375e-01 5.780221381979427919e-01 8.788862176902693946e-02 5.921682448584921765e-01 3.060860151120508577e-01
1.823666947486344725e+00 -7.311731750096390670e+01 6.372896836424666311e-01 5.784928538606413095e-01 8.386282104826799089e-02 5.921690882206580575e-01 3.060924715883216463e-01
1.883872570586390793e+00 -7.265539859360727348e+01 6.475673098877035017e-01 5.797437133156331246e-01 8.008666538500897047e-02 5.921698990132875373e-01 3.060984451336359324e-01
1.944078193686436862e+00 -7.219177423932983118e+01 6.570593188676732144e-01 5.817007636241552371e-01 7.654714669273264549e-02 5.921706762145092506e-01 3.061039358507679498e-01
2.004283816786482930e+00 -7.172723225134886604e+01 6.658101224950649932e-01 5.842956065176044822e-01 7.323197578924180162e-02 5.921714188577434923e-01 3.061089452700689328e-01
2.064489439886528999e+00 -7.126242062722786841e+01 6.738606889403842004e-01 5.874650587890433151e-01 7.012954693290877894e-02 5.921721260286204602e-01 3.061134761697630324e-01
2.124695062986575067e+00 -7.079786623897832953e+01 6.812487291207711682e-01 5.911508128216554914e-01 6.722890365974978910e-02 5.921727968622194638e-01 3.061175324125972597e-01
2.192297709931153804e+00 -7.027706064485589366e+01 6.887977336248568561e-01 5.958382226061352815e-01 6.419957037204630790e-02 5.921735057947282721e-01 3.061215272844658442e-01
2.259900356875732541e+00 -6.975756368921952344e+01 6.955997838191424476e-01 6.010391486930400928e-01 6.139787037819592619e-02 5.921741667905053852e-01 3.061249377518427961e-01
2.327503003820311278e+00 -6.923970053793850354e+01 7.016954300776229170e-01 6.066900142614337632e-01 5.881092053208190895e-02 5.921747788237221588e-01 3.061277728422689415e-01
2.395105650764890015e+00 -6.872367935298007069e+01 7.071213338619161126e-01 6.127329603413737003e-01 5.642666689816690923e-02 5.921753409297145776e-01 3.061300424270622100e-01
2.462708297709468752e+00 -6.820960231299027043e+01 7.119105713562121629e-01 6.191154015431682422e-01 5.423383905819029877e-02 5.921758521998946589e-01 3.061317570365735818e-01
2.530310944654047489e+00 -6.769747407513791870e+01 7.160929122286026072e-01 6.257896214411488023e-01 5.222190780824675221e-02 5.921763117762611772e-01 3.061329276921934128e-01
2.610755612928187475e+00 -6.709047346640215892e+01 7.203157904205635953e-01 6.340522872491511919e-01 5.004991884821824444e-02 5.921767901744818818e-01 3.061336277186691435e-01
2.691200281202327460e+00 -6.648579801887065344e+01 7.237568181010728408e-01 6.426019493630746870e-01 4.810486600705518589e-02 5.921771929222761077e-01 3.061335930860134003e-01
2.771644949476467445e+00 -6.588296860773864694e+01 7.264506147855510632e-01 6.513810875040322301e-01 4.637267816724002095e-02 5.921775187773704596e-01 3.061328433944837113e-01
2.852089617750607431e+00 -6.528133193187382233e+01 7.284269719613148952e-01 6.603392152630361833e-01 4.484048134761906002e-02 5.921777665374188260e-01 3.061313980901991805e-01
2.932534286024747416e+00 -6.468005124285053853e+01 7.297111538896795535e-01 6.694323373492717666e-01 4.349654441263368226e-02 5.921779350183011825e-01 3.061292762294953174e-01
3.012978954298887402e+00 -6.407808907974578005e+01 7.303241127308889302e-01 6.786224810584123857e-01 4.233023645301852572e-02 5.921780230294174663e-01 3.061264962646743637e-01
3.104376963019603863e+00 -6.339172049908486883e+01 7.302270816504582429e-01 6.891408885460504896e-01 4.120859632347977780e-02 5.921780238159388698e-01 3.061225615130432898e-01
3.195774971740320325e+00 -6.270054996351301213e+01 7.293031470442045139e-01 6.997037936994187080e-01 4.029157669641066086e-02 5.921779172350383202e-01 3.061178243053234715e-01
3.287172980461036786e+00 -6.200173789471634933e+01 7.275631678726538487e-01 7.102804461113993995e-01 3.956858768265360260e-02 5.921777011882173314e-01 3.061123069437228228e-01
3.378570989181753248e+00 -6.129172353277524365e+01 7.250102819907420226e-01 7.208482375311949797e-01 3.903087908879825096e-02 5.921773732924546785e-01 3.061060293394662346e-01
3.469968997902469710e+00 -6.056598171872131786e+01 7.216389059662674521e-01 7.313926853855491350e-01 3.867168017608393210e-02 5.921769307592262832e-01 3.060990085864550569e-01
3.541450252931099385e+00 -5.998370517510891631e+01 7.184219414910194557e-01 7.396188657374497266e-01 3.851212764147855794e-02 5.921765026299777857e-01 3.060930088862264253e-01
3.612931507959729061e+00 -5.938469133905297781e+01 7.146818755462203132e-01 7.478278171596972612e-01 3.845785150715887168e-02 5.921760004217631046e-01 3.060865680365570940e-01
3.684412762988358736e+00 -5.876442119349159299e+01 7.103998254814669622e-01 7.560242535223412608e-01 3.850893254847706504e-02 5.921754218367401013e-01 3.060796892041181549e-01
3.741836052591679618e+00 -5.824685206193465348e+01 7.065497654125899585e-01 7.626056270716967678e-01 3.862724596795884952e-02 5.921748998530900199e-01 3.060738467782320726e-01
3.799259342195000499e+00 -5.770798168474443912e+01 7.023149211425231409e-01 7.691917577031136544e-01 3.881610184960757048e-02 5.921743250632831579e-01 3.060677218692734458e-01
3.847101245977682993e+00 -5.723926837608443918e+01 6.984761876028384719e-01 7.746894760408047365e-01 3.902912657132563690e-02 5.921738043786126671e-01 3.060624019472115709e-01
3.894943149760365486e+00 -5.674882577810178930e+01 6.943372337817732554e-01 7.802044105293921561e-01 3.929498733508602487e-02 5.921732442005496200e-01 3.060568828708410405e-01
3.942785053543047979e+00 -5.623216230930022164e+01 6.898768853621248809e-01 7.857456834668752332e-01 3.961654251729160303e-02 5.921726428645609497e-01 3.060511619526064542e-01
3.981877899932442233e+00 -5.578655933736521177e+01 6.859753098549131733e-01 7.903010471790675728e-01 3.992326814055491974e-02 5.921721195738467447e-01 3.060463348429691699e-01
4.020970746321836486e+00 -5.531566113019565734e+01 6.818236053326329760e-01 7.948892728859328072e-01 4.027241017855618527e-02 5.921715662153306248e-01 3.060413678707512575e-01
4.060063592711230740e+00 -5.481444287132352144e+01 6.773997731770455832e-01 7.995196875432001304e-01 4.066739835957730587e-02 5.921709812981320598e-01 3.060362577318820332e-01
4.091161192685831338e+00 -5.438984614882082269e+01 6.736684066817607563e-01 8.032407277442773497e-01 4.101722296819646646e-02 5.921704923087877104e-01 3.060320877710233645e-01
4.122258792660431936e+00 -5.393788967834085923e+01 6.697308174156015870e-01 8.070025596345524743e-01 4.140158032327001525e-02 5.921699812022287457e-01 3.060278221243815655e-01
4.153356392635032535e+00 -5.345338126806667844e+01 6.655665009496634088e-01 8.108134501781302239e-01 4.182389940087147262e-02 5.921694467730970191e-01 3.060234578114517934e-01
4.178119781397981569e+00 -5.303991060276707969e+01 6.620716073964966197e-01 8.138897705101171276e-01 4.219017443870375778e-02 5.921690035875782909e-01 3.060199095457475371e-01
4.202883170160930604e+00 -5.259737536857200979e+01 6.584015014450415038e-01 8.170094813298055536e-01 4.258590113902387814e-02 5.921685438961514780e-01 3.060162943757790410e-01
4.227646558923879638e+00 -5.212045241070332935e+01 6.545373892742639699e-01 8.201796806903033366e-01 4.301435458539485529e-02 5.921680667474430448e-01 3.060126098704104014e-01
4.247425362438661978e+00 -5.171034199354356531e+01 6.512964581129312425e-01 8.227536513961366538e-01 4.338276007489675484e-02 5.921676723696511768e-01 3.060096153295756571e-01
4.267204165953444317e+00 -5.126964902022378112e+01 6.479029288807591769e-01 8.253703259638839329e-01 4.377714336747177970e-02 5.921672655079248671e-01 3.060065731083089213e-01
4.286982969468226656e+00 -5.079293601152555482e+01 6.443396371746558104e-01 8.280357163937873688e-01 4.420057844688086990e-02 5.921668454241626467e-01 3.060034813239487783e-01
4.302851375221507624e+00 -5.037983290408444503e+01 6.413440930261392614e-01 8.302141384391906742e-01 4.456382706555932216e-02 5.921664982655805431e-01 3.060009635284843821e-01
4.318719780974788591e+00 -4.993467461310443412e+01 6.382127730180522374e-01 8.324328247221042254e-01 4.495057185184501980e-02 5.921661415530012906e-01 3.059984111914657023e-01
4.334588186728069559e+00 -4.945190571249464284e+01 6.349299229410605427e-01 8.346968480801676415e-01 4.536368890232637952e-02 5.921657747207886846e-01 3.059958228980387829e-01
4.347382371110143140e+00 -4.903056041234129481e+01 6.321597910085663408e-01 8.365593150042343051e-01 4.571834875781560087e-02 5.921654711510352387e-01 3.059937087771330000e-01
4.360176555492216721e+00 -4.857565297895423129e+01 6.292666050616997353e-01 8.384588064093778659e-01 4.609466721666356098e-02 5.921651602038315865e-01 3.059915693108226087e-01
4.372970739874290302e+00 -4.808149879638681057e+01 6.262357727234569849e-01 8.403996057071604353e-01 4.649534452535461493e-02 5.921648414504715463e-01 3.059894034576013944e-01
4.383342232496943325e+00 -4.764726240980586169e+01 6.236657586758601601e-01 8.420066465766543606e-01 4.684026961409244044e-02 5.921645769963237438e-01 3.059876275680493696e-01
4.393713725119596347e+00 -4.717784874180298260e+01 6.209822939774420902e-01 8.436472552540501546e-01 4.720547885766086804e-02 5.921643068067969917e-01 3.059858328917975934e-01
4.404085217742249370e+00 -4.666742481929876618e+01 6.181716925535338802e-01 8.453250638018331431e-01 4.759352776490161085e-02 5.921640305604077836e-01 3.059840186745169111e-01
4.412543528625974432e+00 -4.621578702645840053e+01 6.157739894125349167e-01 8.467238461547365036e-01 4.792904408769993463e-02 5.921638005396236970e-01 3.059825240755120745e-01
4.421001839509699494e+00 -4.572716438186104426e+01 6.132698618636210908e-01 8.481528681531745884e-01 4.828384629076409862e-02 5.921635660359246822e-01 3.059810154331539800e-01
4.429460150393424556e+00 -4.519554619134363094e+01 6.106462683351043808e-01 8.496152332173593225e-01 4.866038226007665668e-02 5.921633268108267290e-01 3.059794922089373315e-01
4.436405943444697186e+00 -4.472164158240917686e+01 6.083914660632914195e-01 8.508435579683013561e-01 4.898790964778430845e-02 5.921631266490102741e-01 3.059782300531909693e-01
4.443351736495969817e+00 -4.420863884979413427e+01 6.060349186194782245e-01 8.520991236963246784e-01 4.933407440966438434e-02 5.921629229657224824e-01 3.059769573171787771e-01
4.450297529547242448e+00 -4.365030500782086165e+01 6.035639478601128038e-01 8.533846133077656049e-01 4.970126064420556794e-02 5.921627155860789138e-01 3.059756736220298756e-01
4.456048366642789915e+00 -4.314827870089115436e+01 6.014206161445905252e-01 8.544738026270941589e-01 5.002322946496232797e-02 5.921625409511873661e-01 3.059746021910788594e-01
4.461799203738337383e+00 -4.260456346715984211e+01 5.991778207160272096e-01 8.555876851651441628e-01 5.036356151720212948e-02 5.921623635341907166e-01 3.059735227214187003e-01
4.467550040833884850e+00 -4.201263452668552389e+01 5.968229178322861372e-01 8.567286200629737891e-01 5.072463183387759117e-02 5.921621832085030013e-01 3.059724349509402308e-01
4.473300877929432318e+00 -4.136446710734920629e+01 5.943405487859270142e-01 8.578993454701462351e-01 5.110932256328853257e-02 5.921619998379249461e-01 3.059713386023438786e-01
4.477827016293304041e+00 -4.080834663853281086e+01 5.922849873744217009e-01 8.588437787852492011e-01 5.143098656809190483e-02 5.921618532814721947e-01 3.059704695093710125e-01
4.482353154657175764e+00 -4.020529753218700364e+01 5.901276443312205577e-01 8.598104532048849169e-01 5.177155611585462086e-02 5.921617046727212230e-01 3.059695947735751598e-01
4.486879293021047488e+00 -3.954811612341498517e+01 5.878550309079448866e-01 8.608014521815898767e-01 5.213355083026216530e-02 5.921615539320008725e-01 3.059687142418411332e-01
4.491405431384919211e+00 -3.882801617745980138e+01 5.854507174379391943e-01 8.618191886323040007e-01 5.252003349583921760e-02 5.921614009760303166e-01 3.059678277577336236e-01
4.495070461707655340e+00 -3.819147447850305355e+01 5.833935774593873580e-01 8.626648075903122770e-01 5.285348799092014216e-02 5.921612754379430577e-01 3.059671054594854112e-01
4.498735492030391470e+00 -3.749966747437434833e+01 5.812237536001142457e-01 8.635315283071405279e-01 5.320789026096522240e-02 5.921611483438645740e-01 3.059663790716661280e-01
4.502400522353127599e+00 -3.674423709741076038e+01 5.789253407736782986e-01 8.644213414017173358e-01 5.358618436359859072e-02 5.921610196465483256e-01 3.059656485133488979e-01
4.506065552675863728e+00 -3.591509619513850282e+01 5.764788605626465223e-01 8.653365503375654022e-01 5.399196646045602288e-02 5.921608892992216155e-01 3.059649137079890613e-01
4.509730582998599857e+00 -3.500000301053019314e+01 5.738601705211686665e-01 8.662798398000722822e-01 5.442968160819326717e-02 5.921607572567582078e-01 3.059641745863457829e-01
4.513395613321335986e+00 -3.398403109982876202e+01 5.710389543947190782e-01 8.672543623079133068e-01 5.490489594378787641e-02 5.921606234773600930e-01 3.059634310905076093e-01
4.516418703744420782e+00 -3.305727097451860885e+01 5.685324277889833855e-01 8.680843233619038868e-01 5.533004759652846577e-02 5.921605117966964871e-01 3.059628144980417463e-01
4.519441794167505577e+00 -3.203723403915791579e+01 5.658347794095083261e-01 8.689405131156756612e-01 5.579046707517705539e-02 5.921603988936345875e-01 3.059621948898458288e-01
4.521895245037740096e+00 -3.113093448346774395e+01 5.634817859512010196e-01 8.696566010445361261e-01 5.619428242460415557e-02 5.921603063589914173e-01 3.059616898189932432e-01
4.524348695907974616e+00 -3.014478452859496826e+01 5.609583113243981067e-01 8.703935819686505759e-01 5.662946145880833060e-02 5.921602130105434458e-01 3.059611827744384005e-01
4.526288569235475734e+00 -2.930195455635833923e+01 5.588247083314502595e-01 8.709923811648834224e-01 5.699897227773616237e-02 5.921601386278849688e-01 3.059607804848536450e-01
4.528228442562976852e+00 -2.839747033367337892e+01 5.565516686483198416e-01 8.716065788703371009e-01 5.739408832425809542e-02 5.921600637412579582e-01 3.059603769895421488e-01
4.530168315890477970e+00 -2.742545298832822809e+01 5.541203968533493507e-01 8.722373930249248675e-01 5.781825198720667164e-02 5.921599883564173661e-01 3.059599723093042734e-01
4.531766856816830114e+00 -2.656933385529892888e+01 5.519824728275778414e-01 8.727706480477670503e-01 5.819246784854036764e-02 5.921599258674480337e-01 3.059596379632573138e-01
4.533365397743182257e+00 -2.565958790997293804e+01 5.497078037057550048e-01 8.733169220339607186e-01 5.859181159620343443e-02 5.921598630521127671e-01 3.059593028491272015e-01
4.534963938669534400e+00 -2.469267464837214376e+01 5.472799817391442723e-01 8.738771055173325530e-01 5.901934035946376084e-02 5.921597999182032224e-01 3.059589669886861318e-01
4.536562479595886543e+00 -2.366521988314678282e+01 5.446802852798835470e-01 8.744521571154728612e-01 5.947857714247031802e-02 5.921597364751490788e-01 3.059586304072497986e-01
4.538161020522238687e+00 -2.257422099412476513e+01 5.418874372975909237e-01 8.750431024081817277e-01 5.997357932559642391e-02 5.921596727341038591e-01 3.059582931338207801e-01
4.539490473340265453e+00 -2.161675773395332456e+01 5.394004154801588236e-01 8.755474577996502639e-01 6.041582989850831364e-02 5.921596195050843336e-01 3.059580121311933909e-01
4.540819926158292219e+00 -2.061287143565028757e+01 5.367479159195576166e-01 8.760642113890939608e-01 6.088906643576168232e-02 5.921595660872301936e-01 3.059577306933095042e-01
4.542149378976318985e+00 -1.956240669230474438e+01 5.339132912684769749e-01 8.765940350383730761e-01 6.139667016253248788e-02 5.921595124897329754e-01 3.059574488426554106e-01
4.543478831794345751e+00 -1.846609634678044998e+01 5.308786797838467297e-01 8.771376088927200776e-01 6.194238462432783560e-02 5.921594587225552653e-01 3.059571666032850912e-01
4.544532790721859783e+00 -1.756556896717223992e+01 5.283183553921448894e-01 8.775787598773753251e-01 6.240480353438107586e-02 5.921594159836471860e-01 3.059569425910964591e-01
4.545586749649373814e+00 -1.663887876245133057e+01 5.256108446766093456e-01 8.780293041375072383e-01 6.289595683401386084e-02 5.921593731503520530e-01 3.059567183637446619e-01
4.546458855649689212e+00 -1.585377990319310193e+01 5.232522769364814641e-01 8.784094345164381590e-01 6.332575044037698497e-02 5.921593376403635478e-01 3.059565326721394585e-01
4.547330961650004610e+00 -1.505370688288094350e+01 5.207808329635534861e-01 8.787963740469065810e-01 6.377819504866014122e-02 5.921593020730172574e-01 3.059563468502469186e-01
4.548203067650320008e+00 -1.424046344191451929e+01 5.181912540846349557e-01 8.791902728832213798e-01 6.425471342190064439e-02 5.921592664516793780e-01 3.059561609058947251e-01
4.549075173650635406e+00 -1.341612983731382158e+01 5.154785752171121560e-01 8.795912636716812782e-01 6.475675818634284153e-02 5.921592307797265420e-01 3.059559748469021234e-01
4.549947279650950804e+00 -1.258303051635980196e+01 5.126382470272622394e-01 8.799994583753159016e-01 6.528579756038409287e-02 5.921591950605182841e-01 3.059557886810194693e-01
4.550819385651266202e+00 -1.174368386614528781e+01 5.096662608615672996e-01 8.804149453633498545e-01 6.584329927205677391e-02 5.921591592973686202e-01 3.059556024158661125e-01
4.551691491651581600e+00 -1.090073660141833400e+01 5.065592686971588376e-01 8.808377869863541765e-01 6.643071351205767638e-02 5.921591234935172920e-01 3.059554160588691119e-01
4.552563597651896998e+00 -1.005688742046923778e+01 5.033146910106797156e-01 8.812680177967312511e-01 6.704945571376771940e-02 5.921590876521037883e-01 3.059552296172055597e-01
4.553285635221982375e+00 -9.359469191517417741e+00 5.005230607974160417e-01 8.816298125865897894e-01 6.758640788889079543e-02 5.921590579518645203e-01 3.059550751985035122e-01
4.554007672792067751e+00 -8.664729111822747853e+00 4.976354228519043743e-01 8.819966650312317524e-01 6.814651085448206191e-02 5.921590282295829955e-01 3.059549207302094675e-01
4.554729710362153128e+00 -7.974055109941841302e+00 4.946517246656162992e-01 8.823685499186453285e-01 6.873046888716462244e-02 5.921589984868206313e-01 3.059547662158718651e-01
4.555451747932238504e+00 -7.288737755639781213e+00 4.915723681281971014e-01 8.827454290751369781e-01 6.933894587642301655e-02 5.921589687250592426e-01 3.059546116588533482e-01
4.556173785502323881e+00 -6.609954406766854085e+00 4.883982064021751834e-01 8.831272520130285519e-01 6.997256193611248176e-02 5.921589389456977104e-01 3.059544570623243809e-01
4.556895823072409257e+00 -5.938759523010765484e+00 4.851305321771267609e-01 8.835139567394119098e-01 7.063189090753725641e-02 5.921589091500503166e-01 3.059543024292603053e-01
4.557617860642494634e+00 -5.276080593794756801e+00 4.817710587202782002e-01 8.839054706675663065e-01 7.131745863645183592e-02 5.921588793393468553e-01 3.059541477624416750e-01
4.558420789457159117e+00 -4.550133018312430444e+00 4.779299967997648335e-01 8.843463937500570804e-01 7.211122376835389647e-02 5.921588461726066122e-01 3.059539757315173358e-01
4.559223718271823600e+00 -3.836630952451983934e+00 4.739814599843725218e-01 8.847930365956445664e-01 7.293860849669499269e-02 5.921588129901207420e-01 3.059538036653384752e-01
4.560026647086488083e+00 -3.136328817259445234e+00 4.699293799439324681e-01 8.852452621691122570e-01 7.380012123936018076e-02 5.921587797932271746e-01 3.059536315669225681e-01
4.560829575901152566e+00 -2.449825504485226624e+00 4.657781311648789835e-01 8.857029234828809328e-01 7.469619570171230627e-02 5.921587465831508190e-01 3.059534594390294626e-01
4.561632504715817049e+00 -1.777582422838171805e+00 4.615324691780374189e-01 8.861658650685175775e-01 7.562719212771096267e-02 5.921587133610103360e-01 3.059532872841778106e-01
4.562435433530481532e+00 -1.119941684133460846e+00 4.571974688998233782e-01 8.866339243207254084e-01 7.659339888109836791e-02 5.921586801278255763e-01 3.059531151046622766e-01
4.563238362345146015e+00 -4.771434428602953082e-01 4.527784645293700949e-01 8.871069327057118370e-01 7.759503423448253778e-02 5.921586468845249085e-01 3.059529429025706904e-01
4.563883223716402426e+00 2.825728181012627724e-02 4.491723154364961612e-01 8.874902893734064602e-01 7.842524105610962359e-02 5.921586201788688886e-01 3.059528045857433098e-01
4.563969979004468769e+00 9.550935595715637216e-02 4.486834645967506252e-01 8.875420937265009469e-01 7.853868583062011133e-02 5.921586165856361772e-01 3.059527859765634461e-01
4.564056734292535111e+00 1.625853897079890253e-01 4.481937579897123936e-01 8.875939519526537813e-01 7.865254695346661495e-02 5.921586129923034347e-01 3.059527673671607606e-01
4.564143489580601454e+00 2.294853180944034232e-01 4.477032028571927280e-01 8.876458638261853773e-01 7.876682449218967708e-02 5.921586093988716604e-01 3.059527487575373073e-01
4.564230244868667796e+00 2.962090838608278376e-01 4.472118064535564597e-01 8.876978291210063654e-01 7.888151850563719647e-02 5.921586058053417423e-01 3.059527301476951955e-01
4.564317000156734139e+00 3.627566377916561224e-01 4.467195760457302045e-01 8.877498476106238101e-01 7.899662904392591722e-02 5.921586022117146797e-01 3.059527115376364237e-01
4.564403755444800481e+00 4.291279383399789760e-01 4.462265189121965014e-01 8.878019190681544215e-01 7.911215614850179711e-02 5.921585986179912497e-01 3.059526929273629903e-01
4.564490510732866824e+00 4.953229515193847687e-01 4.457326423423785822e-01 8.878540432663355464e-01 7.922809985216192064e-02 5.921585950241723406e-01 3.059526743168769491e-01
4.564664021308999509e+00 6.271840166531356120e-01 4.447424601021187640e-01 8.879584489737660791e-01 7.946123714486724721e-02 5.921585878362518596e-01 3.059526370952748153e-01
4.564837531885132194e+00 7.583397064574954882e-01 4.437490878330000443e-01 8.880630629076347038e-01 7.969604101261872076e-02 5.921585806479600089e-01 3.059525998728455098e-01
4.565011042461264879e+00 8.887900052438932885e-01 4.427525841746832169e-01 8.881678832372728039e-01 7.993251140957138845e-02 5.921585734593036721e-01 3.059525626496042983e-01
4.565184553037397563e+00 1.018535003704587716e+00 4.417530078774235536e-01 8.882729081269531424e-01 8.017064815443183945e-02 5.921585662702895103e-01 3.059525254255661131e-01
4.565358063613530248e+00 1.147574894413772251e+00 4.407504177814949298e-01 8.883781357362096065e-01 8.041045093143259215e-02 5.921585590809239630e-01 3.059524882007455537e-01
4.565531574189662933e+00 1.275909967491766883e+00 4.397448727970541538e-01 8.884835642201484029e-01 8.065191929130775816e-02 5.921585518912134694e-01 3.059524509751569421e-01
4.565705084765795618e+00 1.403540606428256288e+00 4.387364318844471089e-01 8.885891917297509268e-01 8.089505265227021902e-02 5.921585447011641357e-01 3.059524137488142670e-01
4.566619735414860770e+00 2.064716228736295012e+00 4.333749906520746875e-01 8.891492162737713034e-01 8.220420349892229583e-02 5.921585067938915925e-01 3.059522175004575906e-01
4.567534386063925922e+00 2.706440467928759031e+00 4.279433464877722693e-01 8.897144468764789371e-01 8.355943010881113076e-02 5.921584688782102202e-01 3.059520212333999845e-01
4.568449036712991074e+00 3.328870829935206554e+00 4.224500686080777667e-01 8.902846090744959140e-01 8.496047217820787423e-02 5.921584309548757474e-01 3.059518249493363151e-01
4.569363687362056226e+00 3.932205894299707793e+00 4.169036043714639539e-01 8.908594276501486942e-01 8.640697663804557116e-02 5.921583930245671867e-01 3.059516286497889759e-01
4.570278338011121377e+00 4.516676144148584982e+00 4.113122263976371484e-01 8.914386274450737391e-01 8.789850173159378943e-02 5.921583550878952718e-01 3.059514323361268162e-01
4.571192988660186529e+00 5.082536585869982915e+00 4.056839880761544670e-01 8.920219340737473024e-01 8.943452113365574219e-02 5.921583171454098959e-01 3.059512360095819061e-01
4.572107639309251681e+00 5.630060823198227205e+00 4.000266868896706907e-01 8.926090745509133173e-01 9.101442810926436977e-02 5.921582791976067739e-01 3.059510396712646907e-01
4.573022289958316833e+00 6.159536295414569373e+00 3.943478349199038835e-01 8.931997778456054471e-01 9.263753970967004980e-02 5.921582412449333255e-01 3.059508433221770907e-01
4.574559044092893600e+00 7.009324161133640096e+00 3.847777097138575519e-01 8.941995317894090300e-01 9.545977719048788501e-02 5.921581774687224575e-01 3.059505134036416552e-01
4.576095798227470368e+00 7.810453732713193098e+00 3.751990173040583021e-01 8.952073315654544006e-01 9.839781562646308932e-02 5.921581136815708968e-01 3.059501834609880677e-01
4.577632552362047136e+00 8.564399027777890083e+00 3.656411091924587353e-01 8.962219502539499061e-01 1.014471700748233313e-01 5.921580498849072782e-01 3.059498534974135486e-01
4.579169306496623904e+00 9.272636424941158140e+00 3.561305688578993989e-01 8.972421928519551670e-01 1.046029291829461277e-01 5.921579860799497386e-01 3.059495235156431958e-01
4.580706060631200671e+00 9.936628746104190668e+00 3.466912383540608489e-01 8.982668995942471035e-01 1.078598108429108804e-01 5.921579222677412213e-01 3.059491935180098654e-01
4.582242814765777439e+00 1.055781407361402557e+01 3.373442994270770545e-01 8.992949486127206349e-01 1.112122164510834649e-01 5.921578584491785646e-01 3.059488635065192863e-01
4.583779568900354207e+00 1.113759793000056320e+01 3.281083935786232586e-01 9.003252580290752594e-01 1.146542833420622215e-01 5.921577946250365931e-01 3.059485334829034620e-01
4.585316323034930974e+00 1.167734792132085353e+01 3.189997683130509909e-01 9.013567875515178240e-01 1.181799349935131332e-01 5.921577307959872138e-01 3.059482034486648572e-01
4.586853077169507742e+00 1.217839024764862188e+01 3.100324392514723360e-01 9.023885396387529845e-01 1.217829287104479213e-01 5.921576669626161804e-01 3.059478734051124804e-01
4.589020130544668064e+00 1.282162657760998847e+01 2.976499848068703824e-01 9.038420086291208966e-01 1.269828097389699428e-01 5.921575769416415058e-01 3.059474079806572266e-01
4.591187183919828385e+00 1.339388176958852483e+01 2.855992113747701788e-01 9.052915039748246073e-01 1.323057336493893565e-01 5.921574869143177988e-01 3.059469425426977196e-01
4.593354237294988707e+00 1.389842666053717224e+01 2.739008266399452496e-01 9.067346737459509587e-01 1.377335136751297040e-01 5.921573968816848943e-01 3.059464770935579336e-01
4.595521290670149028e+00 1.433836060818211422e+01 2.625698776801155820e-01 9.081693392752367977e-01 1.432480524555387325e-01 5.921573068446273069e-01 3.059460116352134551e-01
4.597688344045309350e+00 1.471661864806068287e+01 2.516165614286051677e-01 9.095934924910978880e-01 1.488315090865839352e-01 5.921572168039043182e-01 3.059455461693607048e-01
4.599855397420469671e+00 1.503598053053288908e+01 2.410469557048005029e-01 9.110052920580743452e-01 1.544664436200741675e-01 5.921571267601749566e-01 3.059450806974716719e-01
4.602022450795629993e+00 1.529908081125577901e+01 2.308636691220842807e-01 9.124030585824095541e-01 1.601359402042021873e-01 5.921570367140173152e-01 3.059446152208377123e-01
4.604189504170790315e+00 1.550841940280423614e+01 2.210664125107128786e-01 9.137852690961232316e-01 1.658237102346215019e-01 5.921569466659444281e-01 3.059441497406046317e-01
4.606356557545950636e+00 1.566637214584183546e+01 2.116524969723878047e-01 9.151505509988592246e-01 1.715141770146907663e-01 5.921568566164171488e-01 3.059436842578014959e-01
4.609531334281200543e+00 1.580968325835354804e+01 1.985429925166543874e-01 9.171176202055054683e-01 1.798250352576755418e-01 5.921567246902897930e-01 3.059430023134355192e-01
